objectFilename,objectUrl,objectFileSize,objectId,objectDescription,objectType
32847_1020705388_0010-00000.jpg,https://s3.amazonaws.com/NARAprodstorage/lz/partnerships/32847/0001/DD01562/32847_1020705388_0010/32847_1020705388_0010-00000.jpg,1151340,119896531,Image provided by Ancestry.,Image (JPG)
32847_1020705388_0010-00001.jpg,https://s3.amazonaws.com/NARAprodstorage/lz/partnerships/32847/0001/DD01562/32847_1020705388_0010/32847_1020705388_0010-00001.jpg,3448566,119896532,Image provided by Ancestry.,Image (JPG)
32847_1020705388_0010-00002.jpg,https://s3.amazonaws.com/NARAprodstorage/lz/partnerships/32847/0001/DD01562/32847_1020705388_0010/32847_1020705388_0010-00002.jpg,3551651,119896533,"Ship Name: South Alabama, 1837 Jun 14. Image provided by Ancestry.",Image (JPG)
32847_1020705388_0010-00003.jpg,https://s3.amazonaws.com/NARAprodstorage/lz/partnerships/32847/0001/DD01562/32847_1020705388_0010/32847_1020705388_0010-00003.jpg,2491658,119896534,Image provided by Ancestry.,Image (JPG)
32847_1020705388_0010-00004.jpg,https://s3.amazonaws.com/NARAprodstorage/lz/partnerships/32847/0001/DD01562/32847_1020705388_0010/32847_1020705388_0010-00004.jpg,2367708,119896535,"Ship Name: South Alabama, 1837. Image provided by Ancestry.",Image (JPG)
32847_1020705388_0010-00005.jpg,https://s3.amazonaws.com/NARAprodstorage/lz/partnerships/32847/0001/DD01562/32847_1020705388_0010/32847_1020705388_0010-00005.jpg,2611937,119896536,Image provided by Ancestry.,Image (JPG)
32847_1020705388_0010-00006.jpg,https://s3.amazonaws.com/NARAprodstorage/lz/partnerships/32847/0001/DD01562/32847_1020705388_0010/32847_1020705388_0010-00006.jpg,2589864,119896537,"Ship Name: Columbia, 1837 Jun 14. Image provided by Ancestry.",Image (JPG)
32847_1020705388_0010-00007.jpg,https://s3.amazonaws.com/NARAprodstorage/lz/partnerships/32847/0001/DD01562/32847_1020705388_0010/32847_1020705388_0010-00007.jpg,2584479,119896538,Image provided by Ancestry.,Image (JPG)
32847_1020705388_0010-00008.jpg,https://s3.amazonaws.com/NARAprodstorage/lz/partnerships/32847/0001/DD01562/32847_1020705388_0010/32847_1020705388_0010-00008.jpg,2325806,119896539,"Ship Name: Swan, 1837 Jun 17. Image provided by Ancestry.",Image (JPG)
32847_1020705388_0010-00009.jpg,https://s3.amazonaws.com/NARAprodstorage/lz/partnerships/32847/0001/DD01562/32847_1020705388_0010/32847_1020705388_0010-00009.jpg,2512483,119896540,Image provided by Ancestry.,Image (JPG)
32847_1020705388_0010-00010.jpg,https://s3.amazonaws.com/NARAprodstorage/lz/partnerships/32847/0001/DD01562/32847_1020705388_0010/32847_1020705388_0010-00010.jpg,2158095,119896541,"Ship Name: Champion, 1837 Jun 17. Image provided by Ancestry.",Image (JPG)
32847_1020705388_0010-00011.jpg,https://s3.amazonaws.com/NARAprodstorage/lz/partnerships/32847/0001/DD01562/32847_1020705388_0010/32847_1020705388_0010-00011.jpg,2865540,119896542,Image provided by Ancestry.,Image (JPG)
32847_1020705388_0010-00012.jpg,https://s3.amazonaws.com/NARAprodstorage/lz/partnerships/32847/0001/DD01562/32847_1020705388_0010/32847_1020705388_0010-00012.jpg,2567034,119896543,"Ship Name: Champion, 1837 Jun 17. Image provided by Ancestry.",Image (JPG)
32847_1020705388_0010-00013.jpg,https://s3.amazonaws.com/NARAprodstorage/lz/partnerships/32847/0001/DD01562/32847_1020705388_0010/32847_1020705388_0010-00013.jpg,2700953,119896544,Image provided by Ancestry.,Image (JPG)
32847_1020705388_0010-00014.jpg,https://s3.amazonaws.com/NARAprodstorage/lz/partnerships/32847/0001/DD01562/32847_1020705388_0010/32847_1020705388_0010-00014.jpg,2760596,119896545,"Ship Name: Merchant, 1837 Jun 17. Image provided by Ancestry.",Image (JPG)
32847_1020705388_0010-00015.jpg,https://s3.amazonaws.com/NARAprodstorage/lz/partnerships/32847/0001/DD01562/32847_1020705388_0010/32847_1020705388_0010-00015.jpg,2400066,119896546,Image provided by Ancestry.,Image (JPG)
32847_1020705388_0010-00016.jpg,https://s3.amazonaws.com/NARAprodstorage/lz/partnerships/32847/0001/DD01562/32847_1020705388_0010/32847_1020705388_0010-00016.jpg,2464129,119896547,"Ship Name: Champion, 1837 Jun 19. Image provided by Ancestry.",Image (JPG)
32847_1020705388_0010-00017.jpg,https://s3.amazonaws.com/NARAprodstorage/lz/partnerships/32847/0001/DD01562/32847_1020705388_0010/32847_1020705388_0010-00017.jpg,2384486,119896548,Image provided by Ancestry.,Image (JPG)
32847_1020705388_0010-00018.jpg,https://s3.amazonaws.com/NARAprodstorage/lz/partnerships/32847/0001/DD01562/32847_1020705388_0010/32847_1020705388_0010-00018.jpg,2031498,119896549,"Ship Name: Champion, 1837 Jun 19. Image provided by Ancestry.",Image (JPG)
32847_1020705388_0010-00019.jpg,https://s3.amazonaws.com/NARAprodstorage/lz/partnerships/32847/0001/DD01562/32847_1020705388_0010/32847_1020705388_0010-00019.jpg,2685960,119896550,Image provided by Ancestry.,Image (JPG)
32847_1020705388_0010-00020.jpg,https://s3.amazonaws.com/NARAprodstorage/lz/partnerships/32847/0001/DD01562/32847_1020705388_0010/32847_1020705388_0010-00020.jpg,2014414,119896551,"Ship Name: Champion, 1837 Jun 19. Image provided by Ancestry.",Image (JPG)
32847_1020705388_0010-00021.jpg,https://s3.amazonaws.com/NARAprodstorage/lz/partnerships/32847/0001/DD01562/32847_1020705388_0010/32847_1020705388_0010-00021.jpg,2761886,119896552,Image provided by Ancestry.,Image (JPG)
32847_1020705388_0010-00022.jpg,https://s3.amazonaws.com/NARAprodstorage/lz/partnerships/32847/0001/DD01562/32847_1020705388_0010/32847_1020705388_0010-00022.jpg,2292310,119896553,"Ship Name: Mazeppa, 1837 Jun 21. Image provided by Ancestry.",Image (JPG)
32847_1020705388_0010-00023.jpg,https://s3.amazonaws.com/NARAprodstorage/lz/partnerships/32847/0001/DD01562/32847_1020705388_0010/32847_1020705388_0010-00023.jpg,2747985,119896554,Image provided by Ancestry.,Image (JPG)
32847_1020705388_0010-00024.jpg,https://s3.amazonaws.com/NARAprodstorage/lz/partnerships/32847/0001/DD01562/32847_1020705388_0010/32847_1020705388_0010-00024.jpg,2594098,119896555,"Ship Name: Champion, 1837 Jun 25. Image provided by Ancestry.",Image (JPG)
32847_1020705388_0010-00025.jpg,https://s3.amazonaws.com/NARAprodstorage/lz/partnerships/32847/0001/DD01562/32847_1020705388_0010/32847_1020705388_0010-00025.jpg,2789687,119896556,Image provided by Ancestry.,Image (JPG)
32847_1020705388_0010-00026.jpg,https://s3.amazonaws.com/NARAprodstorage/lz/partnerships/32847/0001/DD01562/32847_1020705388_0010/32847_1020705388_0010-00026.jpg,2521310,119896557,"Ship Name: Columbia, 1837 Jun 25. Image provided by Ancestry.",Image (JPG)
32847_1020705388_0010-00027.jpg,https://s3.amazonaws.com/NARAprodstorage/lz/partnerships/32847/0001/DD01562/32847_1020705388_0010/32847_1020705388_0010-00027.jpg,2184669,119896558,Image provided by Ancestry.,Image (JPG)
32847_1020705388_0010-00028.jpg,https://s3.amazonaws.com/NARAprodstorage/lz/partnerships/32847/0001/DD01562/32847_1020705388_0010/32847_1020705388_0010-00028.jpg,1960703,119896559,"Ship Name: Columbia, 1837 Jun 21. Image provided by Ancestry.",Image (JPG)
32847_1020705388_0010-00029.jpg,https://s3.amazonaws.com/NARAprodstorage/lz/partnerships/32847/0001/DD01562/32847_1020705388_0010/32847_1020705388_0010-00029.jpg,2480684,119896560,Image provided by Ancestry.,Image (JPG)
32847_1020705388_0010-00030.jpg,https://s3.amazonaws.com/NARAprodstorage/lz/partnerships/32847/0001/DD01562/32847_1020705388_0010/32847_1020705388_0010-00030.jpg,2280312,119896561,"Ship Name: Columbia, 1837 Jun 21. Image provided by Ancestry.",Image (JPG)
32847_1020705388_0010-00031.jpg,https://s3.amazonaws.com/NARAprodstorage/lz/partnerships/32847/0001/DD01562/32847_1020705388_0010/32847_1020705388_0010-00031.jpg,1222515,119896562,Image provided by Ancestry.,Image (JPG)
32847_1020705388_0010-00032.jpg,https://s3.amazonaws.com/NARAprodstorage/lz/partnerships/32847/0001/DD01562/32847_1020705388_0010/32847_1020705388_0010-00032.jpg,2461766,119896563,"Ship Name: Champion, 1837. Image provided by Ancestry.",Image (JPG)
32847_1020705388_0010-00033.jpg,https://s3.amazonaws.com/NARAprodstorage/lz/partnerships/32847/0001/DD01562/32847_1020705388_0010/32847_1020705388_0010-00033.jpg,2698158,119896564,Image provided by Ancestry.,Image (JPG)
32847_1020705388_0010-00034.jpg,https://s3.amazonaws.com/NARAprodstorage/lz/partnerships/32847/0001/DD01562/32847_1020705388_0010/32847_1020705388_0010-00034.jpg,2449279,119896565,Image provided by Ancestry.,Image (JPG)
32847_1020705388_0010-00035.jpg,https://s3.amazonaws.com/NARAprodstorage/lz/partnerships/32847/0001/DD01562/32847_1020705388_0010/32847_1020705388_0010-00035.jpg,2300013,119896566,"Ship Name: Champion, 1837 Jun 22. Image provided by Ancestry.",Image (JPG)
32847_1020705388_0010-00036.jpg,https://s3.amazonaws.com/NARAprodstorage/lz/partnerships/32847/0001/DD01562/32847_1020705388_0010/32847_1020705388_0010-00036.jpg,2634317,119896567,Image provided by Ancestry.,Image (JPG)
32847_1020705388_0010-00037.jpg,https://s3.amazonaws.com/NARAprodstorage/lz/partnerships/32847/0001/DD01562/32847_1020705388_0010/32847_1020705388_0010-00037.jpg,2305779,119896568,"Ship Name: Mobile, 1837 Jun 22. Image provided by Ancestry.",Image (JPG)
32847_1020705388_0010-00038.jpg,https://s3.amazonaws.com/NARAprodstorage/lz/partnerships/32847/0001/DD01562/32847_1020705388_0010/32847_1020705388_0010-00038.jpg,2414996,119896569,Image provided by Ancestry.,Image (JPG)
32847_1020705388_0010-00039.jpg,https://s3.amazonaws.com/NARAprodstorage/lz/partnerships/32847/0001/DD01562/32847_1020705388_0010/32847_1020705388_0010-00039.jpg,2260288,119896570,"Ship Name: Champion, 1837 Jun 22. Image provided by Ancestry.",Image (JPG)
32847_1020705388_0010-00040.jpg,https://s3.amazonaws.com/NARAprodstorage/lz/partnerships/32847/0001/DD01562/32847_1020705388_0010/32847_1020705388_0010-00040.jpg,2424734,119896571,Image provided by Ancestry.,Image (JPG)
32847_1020705388_0010-00041.jpg,https://s3.amazonaws.com/NARAprodstorage/lz/partnerships/32847/0001/DD01562/32847_1020705388_0010/32847_1020705388_0010-00041.jpg,2046093,119896572,"Ship Name: Champion, 1837 Jun 22. Image provided by Ancestry.",Image (JPG)
32847_1020705388_0010-00042.jpg,https://s3.amazonaws.com/NARAprodstorage/lz/partnerships/32847/0001/DD01562/32847_1020705388_0010/32847_1020705388_0010-00042.jpg,2786864,119896573,Image provided by Ancestry.,Image (JPG)
32847_1020705388_0010-00043.jpg,https://s3.amazonaws.com/NARAprodstorage/lz/partnerships/32847/0001/DD01562/32847_1020705388_0010/32847_1020705388_0010-00043.jpg,2620699,119896574,"Ship Name: Mazeppa, 1837 Jun 22. Image provided by Ancestry.",Image (JPG)
32847_1020705388_0010-00044.jpg,https://s3.amazonaws.com/NARAprodstorage/lz/partnerships/32847/0001/DD01562/32847_1020705388_0010/32847_1020705388_0010-00044.jpg,2869419,119896575,Image provided by Ancestry.,Image (JPG)
32847_1020705388_0010-00045.jpg,https://s3.amazonaws.com/NARAprodstorage/lz/partnerships/32847/0001/DD01562/32847_1020705388_0010/32847_1020705388_0010-00045.jpg,1909063,119896576,"Ship Name: Ouachita, 1837 Jun 23. Image provided by Ancestry.",Image (JPG)
32847_1020705388_0010-00046.jpg,https://s3.amazonaws.com/NARAprodstorage/lz/partnerships/32847/0001/DD01562/32847_1020705388_0010/32847_1020705388_0010-00046.jpg,2585800,119896577,Image provided by Ancestry.,Image (JPG)
32847_1020705388_0010-00047.jpg,https://s3.amazonaws.com/NARAprodstorage/lz/partnerships/32847/0001/DD01562/32847_1020705388_0010/32847_1020705388_0010-00047.jpg,1493960,119896578,"Ship Name: Ouachita, 1837 Jun 23. Image provided by Ancestry.",Image (JPG)
32847_1020705388_0010-00048.jpg,https://s3.amazonaws.com/NARAprodstorage/lz/partnerships/32847/0001/DD01562/32847_1020705388_0010/32847_1020705388_0010-00048.jpg,1907574,119896579,Image provided by Ancestry.,Image (JPG)
32847_1020705388_0010-00049.jpg,https://s3.amazonaws.com/NARAprodstorage/lz/partnerships/32847/0001/DD01562/32847_1020705388_0010/32847_1020705388_0010-00049.jpg,2363420,119896580,"Ship Name: Champion, 1837 Jun 24. Image provided by Ancestry.",Image (JPG)
32847_1020705388_0010-00050.jpg,https://s3.amazonaws.com/NARAprodstorage/lz/partnerships/32847/0001/DD01562/32847_1020705388_0010/32847_1020705388_0010-00050.jpg,2709808,119896581,Image provided by Ancestry.,Image (JPG)
32847_1020705388_0010-00051.jpg,https://s3.amazonaws.com/NARAprodstorage/lz/partnerships/32847/0001/DD01562/32847_1020705388_0010/32847_1020705388_0010-00051.jpg,2371178,119896582,"Ship Name: Champion, 1837 Jun 25. Image provided by Ancestry.",Image (JPG)
32847_1020705388_0010-00052.jpg,https://s3.amazonaws.com/NARAprodstorage/lz/partnerships/32847/0001/DD01562/32847_1020705388_0010/32847_1020705388_0010-00052.jpg,2447844,119896583,Image provided by Ancestry.,Image (JPG)
32847_1020705388_0010-00053.jpg,https://s3.amazonaws.com/NARAprodstorage/lz/partnerships/32847/0001/DD01562/32847_1020705388_0010/32847_1020705388_0010-00053.jpg,1664834,119896584,"Ship Name: Mazeppa, 1837 Jun 25. Image provided by Ancestry.",Image (JPG)
32847_1020705388_0010-00054.jpg,https://s3.amazonaws.com/NARAprodstorage/lz/partnerships/32847/0001/DD01562/32847_1020705388_0010/32847_1020705388_0010-00054.jpg,2105515,119896585,Image provided by Ancestry.,Image (JPG)
32847_1020705388_0010-00055.jpg,https://s3.amazonaws.com/NARAprodstorage/lz/partnerships/32847/0001/DD01562/32847_1020705388_0010/32847_1020705388_0010-00055.jpg,2223374,119896586,1837. Image provided by Ancestry.,Image (JPG)
32847_1020705388_0010-00056.jpg,https://s3.amazonaws.com/NARAprodstorage/lz/partnerships/32847/0001/DD01562/32847_1020705388_0010/32847_1020705388_0010-00056.jpg,2499401,119896587,Image provided by Ancestry.,Image (JPG)
32847_1020705388_0010-00057.jpg,https://s3.amazonaws.com/NARAprodstorage/lz/partnerships/32847/0001/DD01562/32847_1020705388_0010/32847_1020705388_0010-00057.jpg,2251786,119896588,"Ship Name: Ouachita, 1837 Jun 27. Image provided by Ancestry.",Image (JPG)
32847_1020705388_0010-00058.jpg,https://s3.amazonaws.com/NARAprodstorage/lz/partnerships/32847/0001/DD01562/32847_1020705388_0010/32847_1020705388_0010-00058.jpg,2442090,119896589,Image provided by Ancestry.,Image (JPG)
32847_1020705388_0010-00059.jpg,https://s3.amazonaws.com/NARAprodstorage/lz/partnerships/32847/0001/DD01562/32847_1020705388_0010/32847_1020705388_0010-00059.jpg,2290959,119896590,"Ship Name: Joanna, 1837 Jun 27. Image provided by Ancestry.",Image (JPG)
32847_1020705388_0010-00060.jpg,https://s3.amazonaws.com/NARAprodstorage/lz/partnerships/32847/0001/DD01562/32847_1020705388_0010/32847_1020705388_0010-00060.jpg,2604375,119896591,Image provided by Ancestry.,Image (JPG)
32847_1020705388_0010-00061.jpg,https://s3.amazonaws.com/NARAprodstorage/lz/partnerships/32847/0001/DD01562/32847_1020705388_0010/32847_1020705388_0010-00061.jpg,2251588,119896592,"Ship Name: Columbia, 1837 Jun 28. Image provided by Ancestry.",Image (JPG)
32847_1020705388_0010-00062.jpg,https://s3.amazonaws.com/NARAprodstorage/lz/partnerships/32847/0001/DD01562/32847_1020705388_0010/32847_1020705388_0010-00062.jpg,2660370,119896593,Image provided by Ancestry.,Image (JPG)
32847_1020705388_0010-00063.jpg,https://s3.amazonaws.com/NARAprodstorage/lz/partnerships/32847/0001/DD01562/32847_1020705388_0010/32847_1020705388_0010-00063.jpg,2303513,119896594,"Ship Name: Columbia, 1837 Jun 28. Image provided by Ancestry.",Image (JPG)
32847_1020705388_0010-00064.jpg,https://s3.amazonaws.com/NARAprodstorage/lz/partnerships/32847/0001/DD01562/32847_1020705388_0010/32847_1020705388_0010-00064.jpg,2994024,119896595,Image provided by Ancestry.,Image (JPG)
32847_1020705388_0010-00065.jpg,https://s3.amazonaws.com/NARAprodstorage/lz/partnerships/32847/0001/DD01562/32847_1020705388_0010/32847_1020705388_0010-00065.jpg,2777850,119896596,"Ship Name: Champion, 1837 Jun 28. Image provided by Ancestry.",Image (JPG)
32847_1020705388_0010-00066.jpg,https://s3.amazonaws.com/NARAprodstorage/lz/partnerships/32847/0001/DD01562/32847_1020705388_0010/32847_1020705388_0010-00066.jpg,2371315,119896597,Image provided by Ancestry.,Image (JPG)
32847_1020705388_0010-00067.jpg,https://s3.amazonaws.com/NARAprodstorage/lz/partnerships/32847/0001/DD01562/32847_1020705388_0010/32847_1020705388_0010-00067.jpg,2054449,119896598,"Ship Name: Mazeppa, 1837 Jun 28. Image provided by Ancestry.",Image (JPG)
32847_1020705388_0010-00068.jpg,https://s3.amazonaws.com/NARAprodstorage/lz/partnerships/32847/0001/DD01562/32847_1020705388_0010/32847_1020705388_0010-00068.jpg,1223918,119896599,Image provided by Ancestry.,Image (JPG)
32847_1020705388_0010-00069.jpg,https://s3.amazonaws.com/NARAprodstorage/lz/partnerships/32847/0001/DD01562/32847_1020705388_0010/32847_1020705388_0010-00069.jpg,2611165,119896600,Image provided by Ancestry.,Image (JPG)
32847_1020705388_0010-00070.jpg,https://s3.amazonaws.com/NARAprodstorage/lz/partnerships/32847/0001/DD01562/32847_1020705388_0010/32847_1020705388_0010-00070.jpg,2453159,119896601,"Ship Name: Columbia, 1837 Jun 29. Image provided by Ancestry.",Image (JPG)
32847_1020705388_0010-00071.jpg,https://s3.amazonaws.com/NARAprodstorage/lz/partnerships/32847/0001/DD01562/32847_1020705388_0010/32847_1020705388_0010-00071.jpg,2836748,119896602,Image provided by Ancestry.,Image (JPG)
32847_1020705388_0010-00072.jpg,https://s3.amazonaws.com/NARAprodstorage/lz/partnerships/32847/0001/DD01562/32847_1020705388_0010/32847_1020705388_0010-00072.jpg,2563012,119896603,"Ship Name: Mobile, 1837 Jun 30. Image provided by Ancestry.",Image (JPG)
32847_1020705388_0010-00073.jpg,https://s3.amazonaws.com/NARAprodstorage/lz/partnerships/32847/0001/DD01562/32847_1020705388_0010/32847_1020705388_0010-00073.jpg,2525650,119896604,Image provided by Ancestry.,Image (JPG)
32847_1020705388_0010-00074.jpg,https://s3.amazonaws.com/NARAprodstorage/lz/partnerships/32847/0001/DD01562/32847_1020705388_0010/32847_1020705388_0010-00074.jpg,1932667,119896605,"Ship Name: Champion, 1837 Jun 30. Image provided by Ancestry.",Image (JPG)
32847_1020705388_0010-00075.jpg,https://s3.amazonaws.com/NARAprodstorage/lz/partnerships/32847/0001/DD01562/32847_1020705388_0010/32847_1020705388_0010-00075.jpg,2121940,119896606,Image provided by Ancestry.,Image (JPG)
32847_1020705388_0010-00076.jpg,https://s3.amazonaws.com/NARAprodstorage/lz/partnerships/32847/0001/DD01562/32847_1020705388_0010/32847_1020705388_0010-00076.jpg,1834425,119896607,"Ship Name: Columbia, 1837 Jun 30. Image provided by Ancestry.",Image (JPG)
32847_1020705388_0010-00077.jpg,https://s3.amazonaws.com/NARAprodstorage/lz/partnerships/32847/0001/DD01562/32847_1020705388_0010/32847_1020705388_0010-00077.jpg,2772169,119896608,Image provided by Ancestry.,Image (JPG)
32847_1020705388_0010-00078.jpg,https://s3.amazonaws.com/NARAprodstorage/lz/partnerships/32847/0001/DD01562/32847_1020705388_0010/32847_1020705388_0010-00078.jpg,2558251,119896609,"Ship Name: Columbia, 1837 Jul 1. Image provided by Ancestry.",Image (JPG)
32847_1020705388_0010-00079.jpg,https://s3.amazonaws.com/NARAprodstorage/lz/partnerships/32847/0001/DD01562/32847_1020705388_0010/32847_1020705388_0010-00079.jpg,2829618,119896610,Image provided by Ancestry.,Image (JPG)
32847_1020705388_0010-00080.jpg,https://s3.amazonaws.com/NARAprodstorage/lz/partnerships/32847/0001/DD01562/32847_1020705388_0010/32847_1020705388_0010-00080.jpg,2391782,119896611,"Ship Name: Champion, 1837 Jul 1. Image provided by Ancestry.",Image (JPG)
32847_1020705388_0010-00081.jpg,https://s3.amazonaws.com/NARAprodstorage/lz/partnerships/32847/0001/DD01562/32847_1020705388_0010/32847_1020705388_0010-00081.jpg,2596283,119896612,Image provided by Ancestry.,Image (JPG)
32847_1020705388_0010-00082.jpg,https://s3.amazonaws.com/NARAprodstorage/lz/partnerships/32847/0001/DD01562/32847_1020705388_0010/32847_1020705388_0010-00082.jpg,2269026,119896613,"Ship Name: Champion, 1837 Jul 1. Image provided by Ancestry.",Image (JPG)
32847_1020705388_0010-00083.jpg,https://s3.amazonaws.com/NARAprodstorage/lz/partnerships/32847/0001/DD01562/32847_1020705388_0010/32847_1020705388_0010-00083.jpg,2584031,119896614,Image provided by Ancestry.,Image (JPG)
32847_1020705388_0010-00084.jpg,https://s3.amazonaws.com/NARAprodstorage/lz/partnerships/32847/0001/DD01562/32847_1020705388_0010/32847_1020705388_0010-00084.jpg,2322748,119896615,"Ship Name: Columbia, 1837 Jul 1. Image provided by Ancestry.",Image (JPG)
32847_1020705388_0010-00085.jpg,https://s3.amazonaws.com/NARAprodstorage/lz/partnerships/32847/0001/DD01562/32847_1020705388_0010/32847_1020705388_0010-00085.jpg,2602622,119896616,Image provided by Ancestry.,Image (JPG)
32847_1020705388_0010-00086.jpg,https://s3.amazonaws.com/NARAprodstorage/lz/partnerships/32847/0001/DD01562/32847_1020705388_0010/32847_1020705388_0010-00086.jpg,2148583,119896617,"Ship Name: Columbia, 1837 Jul 1. Image provided by Ancestry.",Image (JPG)
32847_1020705388_0010-00087.jpg,https://s3.amazonaws.com/NARAprodstorage/lz/partnerships/32847/0001/DD01562/32847_1020705388_0010/32847_1020705388_0010-00087.jpg,2504879,119896618,Image provided by Ancestry.,Image (JPG)
32847_1020705388_0010-00088.jpg,https://s3.amazonaws.com/NARAprodstorage/lz/partnerships/32847/0001/DD01562/32847_1020705388_0010/32847_1020705388_0010-00088.jpg,2266880,119896619,"Ship Name: Champion, 1837 Jul 1. Image provided by Ancestry.",Image (JPG)
32847_1020705388_0010-00089.jpg,https://s3.amazonaws.com/NARAprodstorage/lz/partnerships/32847/0001/DD01562/32847_1020705388_0010/32847_1020705388_0010-00089.jpg,2648784,119896620,Image provided by Ancestry.,Image (JPG)
32847_1020705388_0010-00090.jpg,https://s3.amazonaws.com/NARAprodstorage/lz/partnerships/32847/0001/DD01562/32847_1020705388_0010/32847_1020705388_0010-00090.jpg,2948743,119896621,"Ship Name: Champion, 1837 Jul 1. Image provided by Ancestry.",Image (JPG)
32847_1020705388_0010-00091.jpg,https://s3.amazonaws.com/NARAprodstorage/lz/partnerships/32847/0001/DD01562/32847_1020705388_0010/32847_1020705388_0010-00091.jpg,2425301,119896622,Image provided by Ancestry.,Image (JPG)
32847_1020705388_0010-00092.jpg,https://s3.amazonaws.com/NARAprodstorage/lz/partnerships/32847/0001/DD01562/32847_1020705388_0010/32847_1020705388_0010-00092.jpg,2348214,119896623,"Ship Name: State Of Alabama, 1837 Jul 2. Image provided by Ancestry.",Image (JPG)
32847_1020705388_0010-00093.jpg,https://s3.amazonaws.com/NARAprodstorage/lz/partnerships/32847/0001/DD01562/32847_1020705388_0010/32847_1020705388_0010-00093.jpg,2325372,119896624,Image provided by Ancestry.,Image (JPG)
32847_1020705388_0010-00094.jpg,https://s3.amazonaws.com/NARAprodstorage/lz/partnerships/32847/0001/DD01562/32847_1020705388_0010/32847_1020705388_0010-00094.jpg,1950095,119896625,"Ship Name: State Of Alabama, 1837 Jul 2. Image provided by Ancestry.",Image (JPG)
32847_1020705388_0010-00095.jpg,https://s3.amazonaws.com/NARAprodstorage/lz/partnerships/32847/0001/DD01562/32847_1020705388_0010/32847_1020705388_0010-00095.jpg,1221835,119896626,Image provided by Ancestry.,Image (JPG)
32847_1020705388_0010-00096.jpg,https://s3.amazonaws.com/NARAprodstorage/lz/partnerships/32847/0001/DD01562/32847_1020705388_0010/32847_1020705388_0010-00096.jpg,2599292,119896627,Image provided by Ancestry.,Image (JPG)
32847_1020705388_0010-00097.jpg,https://s3.amazonaws.com/NARAprodstorage/lz/partnerships/32847/0001/DD01562/32847_1020705388_0010/32847_1020705388_0010-00097.jpg,2417202,119896628,"Ship Name: Champion, 1837 Jul 3. Image provided by Ancestry.",Image (JPG)
32847_1020705388_0010-00098.jpg,https://s3.amazonaws.com/NARAprodstorage/lz/partnerships/32847/0001/DD01562/32847_1020705388_0010/32847_1020705388_0010-00098.jpg,2587470,119896629,Image provided by Ancestry.,Image (JPG)
32847_1020705388_0010-00099.jpg,https://s3.amazonaws.com/NARAprodstorage/lz/partnerships/32847/0001/DD01562/32847_1020705388_0010/32847_1020705388_0010-00099.jpg,1817694,119896630,"Ship Name: Mazeppa, 1837 Jul 3. Image provided by Ancestry.",Image (JPG)
32847_1020705388_0010-00100.jpg,https://s3.amazonaws.com/NARAprodstorage/lz/partnerships/32847/0001/DD01562/32847_1020705388_0010/32847_1020705388_0010-00100.jpg,2593591,119896631,Image provided by Ancestry.,Image (JPG)
32847_1020705388_0010-00101.jpg,https://s3.amazonaws.com/NARAprodstorage/lz/partnerships/32847/0001/DD01562/32847_1020705388_0010/32847_1020705388_0010-00101.jpg,1663289,119896632,"Ship Name: Robert Bruce, 1837 Jul 3. Image provided by Ancestry.",Image (JPG)
32847_1020705388_0010-00102.jpg,https://s3.amazonaws.com/NARAprodstorage/lz/partnerships/32847/0001/DD01562/32847_1020705388_0010/32847_1020705388_0010-00102.jpg,2656017,119896633,Image provided by Ancestry.,Image (JPG)
32847_1020705388_0010-00103.jpg,https://s3.amazonaws.com/NARAprodstorage/lz/partnerships/32847/0001/DD01562/32847_1020705388_0010/32847_1020705388_0010-00103.jpg,2385083,119896634,"Ship Name: Mazeppa, 1837 Jul 3. Image provided by Ancestry.",Image (JPG)
32847_1020705388_0010-00104.jpg,https://s3.amazonaws.com/NARAprodstorage/lz/partnerships/32847/0001/DD01562/32847_1020705388_0010/32847_1020705388_0010-00104.jpg,2616475,119896635,Image provided by Ancestry.,Image (JPG)
32847_1020705388_0010-00105.jpg,https://s3.amazonaws.com/NARAprodstorage/lz/partnerships/32847/0001/DD01562/32847_1020705388_0010/32847_1020705388_0010-00105.jpg,2376358,119896636,"Ship Name: Dream, 1837 Jul 3. Image provided by Ancestry.",Image (JPG)
32847_1020705388_0010-00106.jpg,https://s3.amazonaws.com/NARAprodstorage/lz/partnerships/32847/0001/DD01562/32847_1020705388_0010/32847_1020705388_0010-00106.jpg,2788465,119896637,Image provided by Ancestry.,Image (JPG)
32847_1020705388_0010-00107.jpg,https://s3.amazonaws.com/NARAprodstorage/lz/partnerships/32847/0001/DD01562/32847_1020705388_0010/32847_1020705388_0010-00107.jpg,2421604,119896638,"Ship Name: Merchant, 1837 Jul 5. Image provided by Ancestry.",Image (JPG)
32847_1020705388_0010-00108.jpg,https://s3.amazonaws.com/NARAprodstorage/lz/partnerships/32847/0001/DD01562/32847_1020705388_0010/32847_1020705388_0010-00108.jpg,2796739,119896639,Image provided by Ancestry.,Image (JPG)
32847_1020705388_0010-00109.jpg,https://s3.amazonaws.com/NARAprodstorage/lz/partnerships/32847/0001/DD01562/32847_1020705388_0010/32847_1020705388_0010-00109.jpg,2815715,119896640,"Ship Name: Merchant, 1837 Jul 5. Image provided by Ancestry.",Image (JPG)
32847_1020705388_0010-00110.jpg,https://s3.amazonaws.com/NARAprodstorage/lz/partnerships/32847/0001/DD01562/32847_1020705388_0010/32847_1020705388_0010-00110.jpg,3118230,119896641,Image provided by Ancestry.,Image (JPG)
32847_1020705388_0010-00111.jpg,https://s3.amazonaws.com/NARAprodstorage/lz/partnerships/32847/0001/DD01562/32847_1020705388_0010/32847_1020705388_0010-00111.jpg,2930094,119896642,"Ship Name: Merchant, 1837 Jul 5. Image provided by Ancestry.",Image (JPG)
32847_1020705388_0010-00112.jpg,https://s3.amazonaws.com/NARAprodstorage/lz/partnerships/32847/0001/DD01562/32847_1020705388_0010/32847_1020705388_0010-00112.jpg,3204639,119896643,Image provided by Ancestry.,Image (JPG)
32847_1020705388_0010-00113.jpg,https://s3.amazonaws.com/NARAprodstorage/lz/partnerships/32847/0001/DD01562/32847_1020705388_0010/32847_1020705388_0010-00113.jpg,3231584,119896644,"Ship Name: Columbia, 1837 Jul 5. Image provided by Ancestry.",Image (JPG)
32847_1020705388_0010-00114.jpg,https://s3.amazonaws.com/NARAprodstorage/lz/partnerships/32847/0001/DD01562/32847_1020705388_0010/32847_1020705388_0010-00114.jpg,2629998,119896645,Image provided by Ancestry.,Image (JPG)
32847_1020705388_0010-00115.jpg,https://s3.amazonaws.com/NARAprodstorage/lz/partnerships/32847/0001/DD01562/32847_1020705388_0010/32847_1020705388_0010-00115.jpg,2161118,119896646,"Ship Name: Columbia, 1837 Jul 5. Image provided by Ancestry.",Image (JPG)
32847_1020705388_0010-00116.jpg,https://s3.amazonaws.com/NARAprodstorage/lz/partnerships/32847/0001/DD01562/32847_1020705388_0010/32847_1020705388_0010-00116.jpg,1168126,119896647,Image provided by Ancestry.,Image (JPG)
32847_1020705388_0010-00117.jpg,https://s3.amazonaws.com/NARAprodstorage/lz/partnerships/32847/0001/DD01562/32847_1020705388_0010/32847_1020705388_0010-00117.jpg,2650769,119896648,Image provided by Ancestry.,Image (JPG)
32847_1020705388_0010-00118.jpg,https://s3.amazonaws.com/NARAprodstorage/lz/partnerships/32847/0001/DD01562/32847_1020705388_0010/32847_1020705388_0010-00118.jpg,2301147,119896649,"Ship Name: South Alabama, 1837. Image provided by Ancestry.",Image (JPG)
32847_1020705388_0010-00119.jpg,https://s3.amazonaws.com/NARAprodstorage/lz/partnerships/32847/0001/DD01562/32847_1020705388_0010/32847_1020705388_0010-00119.jpg,2503233,119896650,Image provided by Ancestry.,Image (JPG)
32847_1020705388_0010-00120.jpg,https://s3.amazonaws.com/NARAprodstorage/lz/partnerships/32847/0001/DD01562/32847_1020705388_0010/32847_1020705388_0010-00120.jpg,2359018,119896651,"Ship Name: Champion, 1837 Jul 7. Image provided by Ancestry.",Image (JPG)
32847_1020705388_0010-00121.jpg,https://s3.amazonaws.com/NARAprodstorage/lz/partnerships/32847/0001/DD01562/32847_1020705388_0010/32847_1020705388_0010-00121.jpg,2744810,119896652,Image provided by Ancestry.,Image (JPG)
32847_1020705388_0010-00122.jpg,https://s3.amazonaws.com/NARAprodstorage/lz/partnerships/32847/0001/DD01562/32847_1020705388_0010/32847_1020705388_0010-00122.jpg,2274224,119896653,"Ship Name: Mobile, 1837 Jul 8. Image provided by Ancestry.",Image (JPG)
32847_1020705388_0010-00123.jpg,https://s3.amazonaws.com/NARAprodstorage/lz/partnerships/32847/0001/DD01562/32847_1020705388_0010/32847_1020705388_0010-00123.jpg,2860105,119896654,Image provided by Ancestry.,Image (JPG)
32847_1020705388_0010-00124.jpg,https://s3.amazonaws.com/NARAprodstorage/lz/partnerships/32847/0001/DD01562/32847_1020705388_0010/32847_1020705388_0010-00124.jpg,2476063,119896655,"Ship Name: Mobile, 1837 Jul 8. Image provided by Ancestry.",Image (JPG)
32847_1020705388_0010-00125.jpg,https://s3.amazonaws.com/NARAprodstorage/lz/partnerships/32847/0001/DD01562/32847_1020705388_0010/32847_1020705388_0010-00125.jpg,2710359,119896656,Image provided by Ancestry.,Image (JPG)
32847_1020705388_0010-00126.jpg,https://s3.amazonaws.com/NARAprodstorage/lz/partnerships/32847/0001/DD01562/32847_1020705388_0010/32847_1020705388_0010-00126.jpg,2197944,119896657,"Ship Name: Champion, 1837 Jul 8. Image provided by Ancestry.",Image (JPG)
32847_1020705388_0010-00127.jpg,https://s3.amazonaws.com/NARAprodstorage/lz/partnerships/32847/0001/DD01562/32847_1020705388_0010/32847_1020705388_0010-00127.jpg,2482540,119896658,Image provided by Ancestry.,Image (JPG)
32847_1020705388_0010-00128.jpg,https://s3.amazonaws.com/NARAprodstorage/lz/partnerships/32847/0001/DD01562/32847_1020705388_0010/32847_1020705388_0010-00128.jpg,1806924,119896659,"Ship Name: Champion, 1837 Jul 8. Image provided by Ancestry.",Image (JPG)
32847_1020705388_0010-00129.jpg,https://s3.amazonaws.com/NARAprodstorage/lz/partnerships/32847/0001/DD01562/32847_1020705388_0010/32847_1020705388_0010-00129.jpg,2846277,119896660,Image provided by Ancestry.,Image (JPG)
32847_1020705388_0010-00130.jpg,https://s3.amazonaws.com/NARAprodstorage/lz/partnerships/32847/0001/DD01562/32847_1020705388_0010/32847_1020705388_0010-00130.jpg,2485310,119896661,"Ship Name: Ouachita, 1837 Jul 9. Image provided by Ancestry.",Image (JPG)
32847_1020705388_0010-00131.jpg,https://s3.amazonaws.com/NARAprodstorage/lz/partnerships/32847/0001/DD01562/32847_1020705388_0010/32847_1020705388_0010-00131.jpg,2710677,119896662,Image provided by Ancestry.,Image (JPG)
32847_1020705388_0010-00132.jpg,https://s3.amazonaws.com/NARAprodstorage/lz/partnerships/32847/0001/DD01562/32847_1020705388_0010/32847_1020705388_0010-00132.jpg,2190126,119896663,"Ship Name: Champion, 1837 Jul 10. Image provided by Ancestry.",Image (JPG)
32847_1020705388_0010-00133.jpg,https://s3.amazonaws.com/NARAprodstorage/lz/partnerships/32847/0001/DD01562/32847_1020705388_0010/32847_1020705388_0010-00133.jpg,2612840,119896664,Image provided by Ancestry.,Image (JPG)
32847_1020705388_0010-00134.jpg,https://s3.amazonaws.com/NARAprodstorage/lz/partnerships/32847/0001/DD01562/32847_1020705388_0010/32847_1020705388_0010-00134.jpg,2244720,119896665,"Ship Name: Swan, 1837 Jul 10. Image provided by Ancestry.",Image (JPG)
32847_1020705388_0010-00135.jpg,https://s3.amazonaws.com/NARAprodstorage/lz/partnerships/32847/0001/DD01562/32847_1020705388_0010/32847_1020705388_0010-00135.jpg,2552846,119896666,Image provided by Ancestry.,Image (JPG)
32847_1020705388_0010-00136.jpg,https://s3.amazonaws.com/NARAprodstorage/lz/partnerships/32847/0001/DD01562/32847_1020705388_0010/32847_1020705388_0010-00136.jpg,2335988,119896667,"Ship Name: Mazeppa, 1837 Jul 11. Image provided by Ancestry.",Image (JPG)
32847_1020705388_0010-00137.jpg,https://s3.amazonaws.com/NARAprodstorage/lz/partnerships/32847/0001/DD01562/32847_1020705388_0010/32847_1020705388_0010-00137.jpg,2823978,119896668,Image provided by Ancestry.,Image (JPG)
32847_1020705388_0010-00138.jpg,https://s3.amazonaws.com/NARAprodstorage/lz/partnerships/32847/0001/DD01562/32847_1020705388_0010/32847_1020705388_0010-00138.jpg,2677813,119896669,"Ship Name: Champion, 1837 Jul 11. Image provided by Ancestry.",Image (JPG)
32847_1020705388_0010-00139.jpg,https://s3.amazonaws.com/NARAprodstorage/lz/partnerships/32847/0001/DD01562/32847_1020705388_0010/32847_1020705388_0010-00139.jpg,2460212,119896670,Image provided by Ancestry.,Image (JPG)
32847_1020705388_0010-00140.jpg,https://s3.amazonaws.com/NARAprodstorage/lz/partnerships/32847/0001/DD01562/32847_1020705388_0010/32847_1020705388_0010-00140.jpg,2252140,119896671,"Ship Name: Champion, 1837 Jul 11. Image provided by Ancestry.",Image (JPG)
32847_1020705388_0010-00141.jpg,https://s3.amazonaws.com/NARAprodstorage/lz/partnerships/32847/0001/DD01562/32847_1020705388_0010/32847_1020705388_0010-00141.jpg,2397086,119896672,Image provided by Ancestry.,Image (JPG)
32847_1020705388_0010-00142.jpg,https://s3.amazonaws.com/NARAprodstorage/lz/partnerships/32847/0001/DD01562/32847_1020705388_0010/32847_1020705388_0010-00142.jpg,2307353,119896673,"Ship Name: Champion, 1837 Jul 11. Image provided by Ancestry.",Image (JPG)
32847_1020705388_0010-00143.jpg,https://s3.amazonaws.com/NARAprodstorage/lz/partnerships/32847/0001/DD01562/32847_1020705388_0010/32847_1020705388_0010-00143.jpg,1171801,119896674,Image provided by Ancestry.,Image (JPG)
32847_1020705388_0010-00144.jpg,https://s3.amazonaws.com/NARAprodstorage/lz/partnerships/32847/0001/DD01562/32847_1020705388_0010/32847_1020705388_0010-00144.jpg,2069843,119896675,Image provided by Ancestry.,Image (JPG)
32847_1020705388_0010-00145.jpg,https://s3.amazonaws.com/NARAprodstorage/lz/partnerships/32847/0001/DD01562/32847_1020705388_0010/32847_1020705388_0010-00145.jpg,1949912,119896676,"Ship Name: Mobile, 1837 Jul 12. Image provided by Ancestry.",Image (JPG)
32847_1020705388_0010-00146.jpg,https://s3.amazonaws.com/NARAprodstorage/lz/partnerships/32847/0001/DD01562/32847_1020705388_0010/32847_1020705388_0010-00146.jpg,2827151,119896677,Image provided by Ancestry.,Image (JPG)
32847_1020705388_0010-00147.jpg,https://s3.amazonaws.com/NARAprodstorage/lz/partnerships/32847/0001/DD01562/32847_1020705388_0010/32847_1020705388_0010-00147.jpg,2449285,119896678,"Ship Name: Columbia, 1837 Jul 12. Image provided by Ancestry.",Image (JPG)
32847_1020705388_0010-00148.jpg,https://s3.amazonaws.com/NARAprodstorage/lz/partnerships/32847/0001/DD01562/32847_1020705388_0010/32847_1020705388_0010-00148.jpg,2936801,119896679,Image provided by Ancestry.,Image (JPG)
32847_1020705388_0010-00149.jpg,https://s3.amazonaws.com/NARAprodstorage/lz/partnerships/32847/0001/DD01562/32847_1020705388_0010/32847_1020705388_0010-00149.jpg,2310877,119896680,"Ship Name: Columbia, 1837 Jul 12. Image provided by Ancestry.",Image (JPG)
32847_1020705388_0010-00150.jpg,https://s3.amazonaws.com/NARAprodstorage/lz/partnerships/32847/0001/DD01562/32847_1020705388_0010/32847_1020705388_0010-00150.jpg,2614049,119896681,Image provided by Ancestry.,Image (JPG)
32847_1020705388_0010-00151.jpg,https://s3.amazonaws.com/NARAprodstorage/lz/partnerships/32847/0001/DD01562/32847_1020705388_0010/32847_1020705388_0010-00151.jpg,2504214,119896682,"Ship Name: Columbia, 1837 Jul 12. Image provided by Ancestry.",Image (JPG)
32847_1020705388_0010-00152.jpg,https://s3.amazonaws.com/NARAprodstorage/lz/partnerships/32847/0001/DD01562/32847_1020705388_0010/32847_1020705388_0010-00152.jpg,2513640,119896683,Image provided by Ancestry.,Image (JPG)
32847_1020705388_0010-00153.jpg,https://s3.amazonaws.com/NARAprodstorage/lz/partnerships/32847/0001/DD01562/32847_1020705388_0010/32847_1020705388_0010-00153.jpg,2381499,119896684,"Ship Name: Columbia, 1837 Jul 13. Image provided by Ancestry.",Image (JPG)
32847_1020705388_0010-00154.jpg,https://s3.amazonaws.com/NARAprodstorage/lz/partnerships/32847/0001/DD01562/32847_1020705388_0010/32847_1020705388_0010-00154.jpg,2452074,119896685,Image provided by Ancestry.,Image (JPG)
32847_1020705388_0010-00155.jpg,https://s3.amazonaws.com/NARAprodstorage/lz/partnerships/32847/0001/DD01562/32847_1020705388_0010/32847_1020705388_0010-00155.jpg,2329875,119896686,"Ship Name: South Alabama, 1837 Jul 14. Image provided by Ancestry.",Image (JPG)
32847_1020705388_0010-00156.jpg,https://s3.amazonaws.com/NARAprodstorage/lz/partnerships/32847/0001/DD01562/32847_1020705388_0010/32847_1020705388_0010-00156.jpg,2885047,119896687,Image provided by Ancestry.,Image (JPG)
32847_1020705388_0010-00157.jpg,https://s3.amazonaws.com/NARAprodstorage/lz/partnerships/32847/0001/DD01562/32847_1020705388_0010/32847_1020705388_0010-00157.jpg,2693448,119896688,"Ship Name: South Alabama, 1837 Jul 14. Image provided by Ancestry.",Image (JPG)
32847_1020705388_0010-00158.jpg,https://s3.amazonaws.com/NARAprodstorage/lz/partnerships/32847/0001/DD01562/32847_1020705388_0010/32847_1020705388_0010-00158.jpg,2232379,119896689,Image provided by Ancestry.,Image (JPG)
32847_1020705388_0010-00159.jpg,https://s3.amazonaws.com/NARAprodstorage/lz/partnerships/32847/0001/DD01562/32847_1020705388_0010/32847_1020705388_0010-00159.jpg,2015184,119896690,"Ship Name: Champion, 1837 Jul 14. Image provided by Ancestry.",Image (JPG)
32847_1020705388_0010-00160.jpg,https://s3.amazonaws.com/NARAprodstorage/lz/partnerships/32847/0001/DD01562/32847_1020705388_0010/32847_1020705388_0010-00160.jpg,2641699,119896691,Image provided by Ancestry.,Image (JPG)
32847_1020705388_0010-00161.jpg,https://s3.amazonaws.com/NARAprodstorage/lz/partnerships/32847/0001/DD01562/32847_1020705388_0010/32847_1020705388_0010-00161.jpg,2549680,119896692,"Ship Name: Mobile, 1837 Jul 15. Image provided by Ancestry.",Image (JPG)
32847_1020705388_0010-00162.jpg,https://s3.amazonaws.com/NARAprodstorage/lz/partnerships/32847/0001/DD01562/32847_1020705388_0010/32847_1020705388_0010-00162.jpg,2613984,119896693,Image provided by Ancestry.,Image (JPG)
32847_1020705388_0010-00163.jpg,https://s3.amazonaws.com/NARAprodstorage/lz/partnerships/32847/0001/DD01562/32847_1020705388_0010/32847_1020705388_0010-00163.jpg,1824375,119896694,"Ship Name: Champion, 1837 Jul 15. Image provided by Ancestry.",Image (JPG)
32847_1020705388_0010-00164.jpg,https://s3.amazonaws.com/NARAprodstorage/lz/partnerships/32847/0001/DD01562/32847_1020705388_0010/32847_1020705388_0010-00164.jpg,2619098,119896695,Image provided by Ancestry.,Image (JPG)
32847_1020705388_0010-00165.jpg,https://s3.amazonaws.com/NARAprodstorage/lz/partnerships/32847/0001/DD01562/32847_1020705388_0010/32847_1020705388_0010-00165.jpg,2636577,119896696,"Ship Name: Mobile, 1837 Jul 15. Image provided by Ancestry.",Image (JPG)
32847_1020705388_0010-00166.jpg,https://s3.amazonaws.com/NARAprodstorage/lz/partnerships/32847/0001/DD01562/32847_1020705388_0010/32847_1020705388_0010-00166.jpg,2719003,119896697,Image provided by Ancestry.,Image (JPG)
32847_1020705388_0010-00167.jpg,https://s3.amazonaws.com/NARAprodstorage/lz/partnerships/32847/0001/DD01562/32847_1020705388_0010/32847_1020705388_0010-00167.jpg,2401929,119896698,"Ship Name: Champion, 1837 Jul 15. Image provided by Ancestry.",Image (JPG)
32847_1020705388_0010-00168.jpg,https://s3.amazonaws.com/NARAprodstorage/lz/partnerships/32847/0001/DD01562/32847_1020705388_0010/32847_1020705388_0010-00168.jpg,2591087,119896699,Image provided by Ancestry.,Image (JPG)
32847_1020705388_0010-00169.jpg,https://s3.amazonaws.com/NARAprodstorage/lz/partnerships/32847/0001/DD01562/32847_1020705388_0010/32847_1020705388_0010-00169.jpg,2162123,119896700,"Ship Name: Champion, 1837 Jul 15. Image provided by Ancestry.",Image (JPG)
32847_1020705388_0010-00170.jpg,https://s3.amazonaws.com/NARAprodstorage/lz/partnerships/32847/0001/DD01562/32847_1020705388_0010/32847_1020705388_0010-00170.jpg,2659286,119896701,Image provided by Ancestry.,Image (JPG)
32847_1020705388_0010-00171.jpg,https://s3.amazonaws.com/NARAprodstorage/lz/partnerships/32847/0001/DD01562/32847_1020705388_0010/32847_1020705388_0010-00171.jpg,2394980,119896702,"Ship Name: Champion, 1837 Jul 15. Image provided by Ancestry.",Image (JPG)
32847_1020705388_0010-00172.jpg,https://s3.amazonaws.com/NARAprodstorage/lz/partnerships/32847/0001/DD01562/32847_1020705388_0010/32847_1020705388_0010-00172.jpg,2459722,119896703,Image provided by Ancestry.,Image (JPG)
32847_1020705388_0010-00173.jpg,https://s3.amazonaws.com/NARAprodstorage/lz/partnerships/32847/0001/DD01562/32847_1020705388_0010/32847_1020705388_0010-00173.jpg,2181827,119896704,1837. Image provided by Ancestry.,Image (JPG)
32847_1020705388_0010-00174.jpg,https://s3.amazonaws.com/NARAprodstorage/lz/partnerships/32847/0001/DD01562/32847_1020705388_0010/32847_1020705388_0010-00174.jpg,2581848,119896705,Image provided by Ancestry.,Image (JPG)
32847_1020705388_0010-00175.jpg,https://s3.amazonaws.com/NARAprodstorage/lz/partnerships/32847/0001/DD01562/32847_1020705388_0010/32847_1020705388_0010-00175.jpg,2048785,119896706,"Ship Name: Champion, 1837 Jul 15. Image provided by Ancestry.",Image (JPG)
32847_1020705388_0010-00176.jpg,https://s3.amazonaws.com/NARAprodstorage/lz/partnerships/32847/0001/DD01562/32847_1020705388_0010/32847_1020705388_0010-00176.jpg,2805463,119896707,Image provided by Ancestry.,Image (JPG)
32847_1020705388_0010-00177.jpg,https://s3.amazonaws.com/NARAprodstorage/lz/partnerships/32847/0001/DD01562/32847_1020705388_0010/32847_1020705388_0010-00177.jpg,1962019,119896708,"Ship Name: Champion, 1837 Jul 15. Image provided by Ancestry.",Image (JPG)
32847_1020705388_0010-00178.jpg,https://s3.amazonaws.com/NARAprodstorage/lz/partnerships/32847/0001/DD01562/32847_1020705388_0010/32847_1020705388_0010-00178.jpg,2866175,119896709,Image provided by Ancestry.,Image (JPG)
32847_1020705388_0010-00179.jpg,https://s3.amazonaws.com/NARAprodstorage/lz/partnerships/32847/0001/DD01562/32847_1020705388_0010/32847_1020705388_0010-00179.jpg,2557762,119896710,"Ship Name: Champion, 1837 Jul 15. Image provided by Ancestry.",Image (JPG)
32847_1020705388_0010-00180.jpg,https://s3.amazonaws.com/NARAprodstorage/lz/partnerships/32847/0001/DD01562/32847_1020705388_0010/32847_1020705388_0010-00180.jpg,2702259,119896711,Image provided by Ancestry.,Image (JPG)
32847_1020705388_0010-00181.jpg,https://s3.amazonaws.com/NARAprodstorage/lz/partnerships/32847/0001/DD01562/32847_1020705388_0010/32847_1020705388_0010-00181.jpg,2475196,119896712,"Ship Name: Mazeppa, 1837 Jul 15. Image provided by Ancestry.",Image (JPG)
32847_1020705388_0010-00182.jpg,https://s3.amazonaws.com/NARAprodstorage/lz/partnerships/32847/0001/DD01562/32847_1020705388_0010/32847_1020705388_0010-00182.jpg,1178645,119896713,Image provided by Ancestry.,Image (JPG)
32847_1020705388_0010-00183.jpg,https://s3.amazonaws.com/NARAprodstorage/lz/partnerships/32847/0001/DD01562/32847_1020705388_0010/32847_1020705388_0010-00183.jpg,2580452,119896714,Image provided by Ancestry.,Image (JPG)
32847_1020705388_0010-00184.jpg,https://s3.amazonaws.com/NARAprodstorage/lz/partnerships/32847/0001/DD01562/32847_1020705388_0010/32847_1020705388_0010-00184.jpg,2383697,119896715,"Ship Name: Champion, 1837 Jul 18. Image provided by Ancestry.",Image (JPG)
32847_1020705388_0010-00185.jpg,https://s3.amazonaws.com/NARAprodstorage/lz/partnerships/32847/0001/DD01562/32847_1020705388_0010/32847_1020705388_0010-00185.jpg,2515866,119896716,Image provided by Ancestry.,Image (JPG)
32847_1020705388_0010-00186.jpg,https://s3.amazonaws.com/NARAprodstorage/lz/partnerships/32847/0001/DD01562/32847_1020705388_0010/32847_1020705388_0010-00186.jpg,2362009,119896717,"Ship Name: Mazeppa, 1837 Jul 19. Image provided by Ancestry.",Image (JPG)
32847_1020705388_0010-00187.jpg,https://s3.amazonaws.com/NARAprodstorage/lz/partnerships/32847/0001/DD01562/32847_1020705388_0010/32847_1020705388_0010-00187.jpg,2598008,119896718,Image provided by Ancestry.,Image (JPG)
32847_1020705388_0010-00188.jpg,https://s3.amazonaws.com/NARAprodstorage/lz/partnerships/32847/0001/DD01562/32847_1020705388_0010/32847_1020705388_0010-00188.jpg,2204360,119896719,"Ship Name: Champion, 1837 Jul 20. Image provided by Ancestry.",Image (JPG)
32847_1020705388_0010-00189.jpg,https://s3.amazonaws.com/NARAprodstorage/lz/partnerships/32847/0001/DD01562/32847_1020705388_0010/32847_1020705388_0010-00189.jpg,2514837,119896720,Image provided by Ancestry.,Image (JPG)
32847_1020705388_0010-00190.jpg,https://s3.amazonaws.com/NARAprodstorage/lz/partnerships/32847/0001/DD01562/32847_1020705388_0010/32847_1020705388_0010-00190.jpg,2283248,119896721,1837. Image provided by Ancestry.,Image (JPG)
32847_1020705388_0010-00191.jpg,https://s3.amazonaws.com/NARAprodstorage/lz/partnerships/32847/0001/DD01562/32847_1020705388_0010/32847_1020705388_0010-00191.jpg,2563334,119896722,Image provided by Ancestry.,Image (JPG)
32847_1020705388_0010-00192.jpg,https://s3.amazonaws.com/NARAprodstorage/lz/partnerships/32847/0001/DD01562/32847_1020705388_0010/32847_1020705388_0010-00192.jpg,2059633,119896723,"Ship Name: Mobile, 1837 Jul 20. Image provided by Ancestry.",Image (JPG)
32847_1020705388_0010-00193.jpg,https://s3.amazonaws.com/NARAprodstorage/lz/partnerships/32847/0001/DD01562/32847_1020705388_0010/32847_1020705388_0010-00193.jpg,2564404,119896724,Image provided by Ancestry.,Image (JPG)
32847_1020705388_0010-00194.jpg,https://s3.amazonaws.com/NARAprodstorage/lz/partnerships/32847/0001/DD01562/32847_1020705388_0010/32847_1020705388_0010-00194.jpg,2183476,119896725,"Ship Name: Mobile, 1837 Jul 20. Image provided by Ancestry.",Image (JPG)
32847_1020705388_0010-00195.jpg,https://s3.amazonaws.com/NARAprodstorage/lz/partnerships/32847/0001/DD01562/32847_1020705388_0010/32847_1020705388_0010-00195.jpg,2221107,119896726,Image provided by Ancestry.,Image (JPG)
32847_1020705388_0010-00196.jpg,https://s3.amazonaws.com/NARAprodstorage/lz/partnerships/32847/0001/DD01562/32847_1020705388_0010/32847_1020705388_0010-00196.jpg,1990784,119896727,"Ship Name: Mazeppa, 1837 Jul 22. Image provided by Ancestry.",Image (JPG)
32847_1020705388_0010-00197.jpg,https://s3.amazonaws.com/NARAprodstorage/lz/partnerships/32847/0001/DD01562/32847_1020705388_0010/32847_1020705388_0010-00197.jpg,2090831,119896728,Image provided by Ancestry.,Image (JPG)
32847_1020705388_0010-00198.jpg,https://s3.amazonaws.com/NARAprodstorage/lz/partnerships/32847/0001/DD01562/32847_1020705388_0010/32847_1020705388_0010-00198.jpg,1902213,119896729,"Ship Name: S Alabama, 1837. Image provided by Ancestry.",Image (JPG)
32847_1020705388_0010-00199.jpg,https://s3.amazonaws.com/NARAprodstorage/lz/partnerships/32847/0001/DD01562/32847_1020705388_0010/32847_1020705388_0010-00199.jpg,2469614,119896730,Image provided by Ancestry.,Image (JPG)
32847_1020705388_0010-00200.jpg,https://s3.amazonaws.com/NARAprodstorage/lz/partnerships/32847/0001/DD01562/32847_1020705388_0010/32847_1020705388_0010-00200.jpg,2262902,119896731,"Ship Name: Mazeppa, 1837 Jul 22. Image provided by Ancestry.",Image (JPG)
32847_1020705388_0010-00201.jpg,https://s3.amazonaws.com/NARAprodstorage/lz/partnerships/32847/0001/DD01562/32847_1020705388_0010/32847_1020705388_0010-00201.jpg,2380416,119896732,Image provided by Ancestry.,Image (JPG)
32847_1020705388_0010-00202.jpg,https://s3.amazonaws.com/NARAprodstorage/lz/partnerships/32847/0001/DD01562/32847_1020705388_0010/32847_1020705388_0010-00202.jpg,2020656,119896733,"Ship Name: Champion, 1837 Jul 22. Image provided by Ancestry.",Image (JPG)
32847_1020705388_0010-00203.jpg,https://s3.amazonaws.com/NARAprodstorage/lz/partnerships/32847/0001/DD01562/32847_1020705388_0010/32847_1020705388_0010-00203.jpg,2428993,119896734,Image provided by Ancestry.,Image (JPG)
32847_1020705388_0010-00204.jpg,https://s3.amazonaws.com/NARAprodstorage/lz/partnerships/32847/0001/DD01562/32847_1020705388_0010/32847_1020705388_0010-00204.jpg,2526409,119896735,"Ship Name: Champion, 1837 Jul 22. Image provided by Ancestry.",Image (JPG)
32847_1020705388_0010-00205.jpg,https://s3.amazonaws.com/NARAprodstorage/lz/partnerships/32847/0001/DD01562/32847_1020705388_0010/32847_1020705388_0010-00205.jpg,2717001,119896736,Image provided by Ancestry.,Image (JPG)
32847_1020705388_0010-00206.jpg,https://s3.amazonaws.com/NARAprodstorage/lz/partnerships/32847/0001/DD01562/32847_1020705388_0010/32847_1020705388_0010-00206.jpg,2510636,119896737,"Ship Name: South Alabama, 1837. Image provided by Ancestry.",Image (JPG)
32847_1020705388_0010-00207.jpg,https://s3.amazonaws.com/NARAprodstorage/lz/partnerships/32847/0001/DD01562/32847_1020705388_0010/32847_1020705388_0010-00207.jpg,2479801,119896738,Image provided by Ancestry.,Image (JPG)
32847_1020705388_0010-00208.jpg,https://s3.amazonaws.com/NARAprodstorage/lz/partnerships/32847/0001/DD01562/32847_1020705388_0010/32847_1020705388_0010-00208.jpg,2245463,119896739,"Ship Name: Columbia, 1837 Jul 22. Image provided by Ancestry.",Image (JPG)
32847_1020705388_0010-00209.jpg,https://s3.amazonaws.com/NARAprodstorage/lz/partnerships/32847/0001/DD01562/32847_1020705388_0010/32847_1020705388_0010-00209.jpg,1179373,119896740,Image provided by Ancestry.,Image (JPG)
32847_1020705388_0010-00210.jpg,https://s3.amazonaws.com/NARAprodstorage/lz/partnerships/32847/0001/DD01562/32847_1020705388_0010/32847_1020705388_0010-00210.jpg,2566987,119896741,Image provided by Ancestry.,Image (JPG)
32847_1020705388_0010-00211.jpg,https://s3.amazonaws.com/NARAprodstorage/lz/partnerships/32847/0001/DD01562/32847_1020705388_0010/32847_1020705388_0010-00211.jpg,2253860,119896742,"Ship Name: Champion, 1837 Jul 24. Image provided by Ancestry.",Image (JPG)
32847_1020705388_0010-00212.jpg,https://s3.amazonaws.com/NARAprodstorage/lz/partnerships/32847/0001/DD01562/32847_1020705388_0010/32847_1020705388_0010-00212.jpg,2571479,119896743,Image provided by Ancestry.,Image (JPG)
32847_1020705388_0010-00213.jpg,https://s3.amazonaws.com/NARAprodstorage/lz/partnerships/32847/0001/DD01562/32847_1020705388_0010/32847_1020705388_0010-00213.jpg,2511594,119896744,"Ship Name: Dorien, 1837 Jul 25. Image provided by Ancestry.",Image (JPG)
32847_1020705388_0010-00214.jpg,https://s3.amazonaws.com/NARAprodstorage/lz/partnerships/32847/0001/DD01562/32847_1020705388_0010/32847_1020705388_0010-00214.jpg,2521718,119896745,Image provided by Ancestry.,Image (JPG)
32847_1020705388_0010-00215.jpg,https://s3.amazonaws.com/NARAprodstorage/lz/partnerships/32847/0001/DD01562/32847_1020705388_0010/32847_1020705388_0010-00215.jpg,2192275,119896746,"Ship Name: Champion, 1837 Jul 25. Image provided by Ancestry.",Image (JPG)
32847_1020705388_0010-00216.jpg,https://s3.amazonaws.com/NARAprodstorage/lz/partnerships/32847/0001/DD01562/32847_1020705388_0010/32847_1020705388_0010-00216.jpg,2553729,119896747,Image provided by Ancestry.,Image (JPG)
32847_1020705388_0010-00217.jpg,https://s3.amazonaws.com/NARAprodstorage/lz/partnerships/32847/0001/DD01562/32847_1020705388_0010/32847_1020705388_0010-00217.jpg,2202542,119896748,"Ship Name: Champion, 1837 Jul 25. Image provided by Ancestry.",Image (JPG)
32847_1020705388_0010-00218.jpg,https://s3.amazonaws.com/NARAprodstorage/lz/partnerships/32847/0001/DD01562/32847_1020705388_0010/32847_1020705388_0010-00218.jpg,2353481,119896749,Image provided by Ancestry.,Image (JPG)
32847_1020705388_0010-00219.jpg,https://s3.amazonaws.com/NARAprodstorage/lz/partnerships/32847/0001/DD01562/32847_1020705388_0010/32847_1020705388_0010-00219.jpg,2043129,119896750,"Ship Name: Champion, 1837 Jul 25. Image provided by Ancestry.",Image (JPG)
32847_1020705388_0010-00220.jpg,https://s3.amazonaws.com/NARAprodstorage/lz/partnerships/32847/0001/DD01562/32847_1020705388_0010/32847_1020705388_0010-00220.jpg,2542452,119896751,Image provided by Ancestry.,Image (JPG)
32847_1020705388_0010-00221.jpg,https://s3.amazonaws.com/NARAprodstorage/lz/partnerships/32847/0001/DD01562/32847_1020705388_0010/32847_1020705388_0010-00221.jpg,2268988,119896752,"Ship Name: Champion, 1837 Jul 25. Image provided by Ancestry.",Image (JPG)
32847_1020705388_0010-00222.jpg,https://s3.amazonaws.com/NARAprodstorage/lz/partnerships/32847/0001/DD01562/32847_1020705388_0010/32847_1020705388_0010-00222.jpg,2663176,119896753,Image provided by Ancestry.,Image (JPG)
32847_1020705388_0010-00223.jpg,https://s3.amazonaws.com/NARAprodstorage/lz/partnerships/32847/0001/DD01562/32847_1020705388_0010/32847_1020705388_0010-00223.jpg,2565288,119896754,"Ship Name: Champion, 1837 Jul 26. Image provided by Ancestry.",Image (JPG)
32847_1020705388_0010-00224.jpg,https://s3.amazonaws.com/NARAprodstorage/lz/partnerships/32847/0001/DD01562/32847_1020705388_0010/32847_1020705388_0010-00224.jpg,2912852,119896755,Image provided by Ancestry.,Image (JPG)
32847_1020705388_0010-00225.jpg,https://s3.amazonaws.com/NARAprodstorage/lz/partnerships/32847/0001/DD01562/32847_1020705388_0010/32847_1020705388_0010-00225.jpg,2862751,119896756,Image provided by Ancestry.,Image (JPG)
32847_1020705388_0010-00226.jpg,https://s3.amazonaws.com/NARAprodstorage/lz/partnerships/32847/0001/DD01562/32847_1020705388_0010/32847_1020705388_0010-00226.jpg,2405029,119896757,Image provided by Ancestry.,Image (JPG)
32847_1020705388_0010-00227.jpg,https://s3.amazonaws.com/NARAprodstorage/lz/partnerships/32847/0001/DD01562/32847_1020705388_0010/32847_1020705388_0010-00227.jpg,2089214,119896758,"Ship Name: South Alabama, 1837 Jul 26. Image provided by Ancestry.",Image (JPG)
32847_1020705388_0010-00228.jpg,https://s3.amazonaws.com/NARAprodstorage/lz/partnerships/32847/0001/DD01562/32847_1020705388_0010/32847_1020705388_0010-00228.jpg,2722826,119896759,Image provided by Ancestry.,Image (JPG)
32847_1020705388_0010-00229.jpg,https://s3.amazonaws.com/NARAprodstorage/lz/partnerships/32847/0001/DD01562/32847_1020705388_0010/32847_1020705388_0010-00229.jpg,2381782,119896760,"Ship Name: Ouachita, 1837 Jul 27. Image provided by Ancestry.",Image (JPG)
32847_1020705388_0010-00230.jpg,https://s3.amazonaws.com/NARAprodstorage/lz/partnerships/32847/0001/DD01562/32847_1020705388_0010/32847_1020705388_0010-00230.jpg,2219736,119896761,Image provided by Ancestry.,Image (JPG)
32847_1020705388_0010-00231.jpg,https://s3.amazonaws.com/NARAprodstorage/lz/partnerships/32847/0001/DD01562/32847_1020705388_0010/32847_1020705388_0010-00231.jpg,1827578,119896762,"Ship Name: Ouachita, 1837 Jul 27. Image provided by Ancestry.",Image (JPG)
32847_1020705388_0010-00232.jpg,https://s3.amazonaws.com/NARAprodstorage/lz/partnerships/32847/0001/DD01562/32847_1020705388_0010/32847_1020705388_0010-00232.jpg,2847904,119896763,Image provided by Ancestry.,Image (JPG)
32847_1020705388_0010-00233.jpg,https://s3.amazonaws.com/NARAprodstorage/lz/partnerships/32847/0001/DD01562/32847_1020705388_0010/32847_1020705388_0010-00233.jpg,2400618,119896764,"Ship Name: Ouachita, 1837 Jul 27. Image provided by Ancestry.",Image (JPG)
32847_1020705388_0010-00234.jpg,https://s3.amazonaws.com/NARAprodstorage/lz/partnerships/32847/0001/DD01562/32847_1020705388_0010/32847_1020705388_0010-00234.jpg,2928831,119896765,Image provided by Ancestry.,Image (JPG)
32847_1020705388_0010-00235.jpg,https://s3.amazonaws.com/NARAprodstorage/lz/partnerships/32847/0001/DD01562/32847_1020705388_0010/32847_1020705388_0010-00235.jpg,2621839,119896766,"Ship Name: Mobile, 1837 Jul 28. Image provided by Ancestry.",Image (JPG)
32847_1020705388_0010-00236.jpg,https://s3.amazonaws.com/NARAprodstorage/lz/partnerships/32847/0001/DD01562/32847_1020705388_0010/32847_1020705388_0010-00236.jpg,2698347,119896767,Image provided by Ancestry.,Image (JPG)
32847_1020705388_0010-00237.jpg,https://s3.amazonaws.com/NARAprodstorage/lz/partnerships/32847/0001/DD01562/32847_1020705388_0010/32847_1020705388_0010-00237.jpg,2698009,119896768,"Ship Name: Champion, 1837 Jul 28. Image provided by Ancestry.",Image (JPG)
32847_1020705388_0010-00238.jpg,https://s3.amazonaws.com/NARAprodstorage/lz/partnerships/32847/0001/DD01562/32847_1020705388_0010/32847_1020705388_0010-00238.jpg,2296421,119896769,Image provided by Ancestry.,Image (JPG)
32847_1020705388_0010-00239.jpg,https://s3.amazonaws.com/NARAprodstorage/lz/partnerships/32847/0001/DD01562/32847_1020705388_0010/32847_1020705388_0010-00239.jpg,2131886,119896770,"Ship Name: Mazeppa, 1837 Jul 28. Image provided by Ancestry.",Image (JPG)
32847_1020705388_0010-00240.jpg,https://s3.amazonaws.com/NARAprodstorage/lz/partnerships/32847/0001/DD01562/32847_1020705388_0010/32847_1020705388_0010-00240.jpg,2894881,119896771,Image provided by Ancestry.,Image (JPG)
32847_1020705388_0010-00241.jpg,https://s3.amazonaws.com/NARAprodstorage/lz/partnerships/32847/0001/DD01562/32847_1020705388_0010/32847_1020705388_0010-00241.jpg,2627220,119896772,"Ship Name: Mazeppa, 1837 Jul 28. Image provided by Ancestry.",Image (JPG)
32847_1020705388_0010-00242.jpg,https://s3.amazonaws.com/NARAprodstorage/lz/partnerships/32847/0001/DD01562/32847_1020705388_0010/32847_1020705388_0010-00242.jpg,2817292,119896773,Image provided by Ancestry.,Image (JPG)
32847_1020705388_0010-00243.jpg,https://s3.amazonaws.com/NARAprodstorage/lz/partnerships/32847/0001/DD01562/32847_1020705388_0010/32847_1020705388_0010-00243.jpg,2488952,119896774,"Ship Name: Mazeppa, 1837 Jul 28. Image provided by Ancestry.",Image (JPG)
32847_1020705388_0010-00244.jpg,https://s3.amazonaws.com/NARAprodstorage/lz/partnerships/32847/0001/DD01562/32847_1020705388_0010/32847_1020705388_0010-00244.jpg,2859584,119896775,Image provided by Ancestry.,Image (JPG)
32847_1020705388_0010-00245.jpg,https://s3.amazonaws.com/NARAprodstorage/lz/partnerships/32847/0001/DD01562/32847_1020705388_0010/32847_1020705388_0010-00245.jpg,2407356,119896776,"Ship Name: Mazeppa, 1837 Jul 28. Image provided by Ancestry.",Image (JPG)
32847_1020705388_0010-00246.jpg,https://s3.amazonaws.com/NARAprodstorage/lz/partnerships/32847/0001/DD01562/32847_1020705388_0010/32847_1020705388_0010-00246.jpg,2631794,119896777,Image provided by Ancestry.,Image (JPG)
32847_1020705388_0010-00247.jpg,https://s3.amazonaws.com/NARAprodstorage/lz/partnerships/32847/0001/DD01562/32847_1020705388_0010/32847_1020705388_0010-00247.jpg,2378545,119896778,"Ship Name: Champion, 1837 Jul 28. Image provided by Ancestry.",Image (JPG)
32847_1020705388_0010-00248.jpg,https://s3.amazonaws.com/NARAprodstorage/lz/partnerships/32847/0001/DD01562/32847_1020705388_0010/32847_1020705388_0010-00248.jpg,1179639,119896779,Image provided by Ancestry.,Image (JPG)
32847_1020705388_0010-00249.jpg,https://s3.amazonaws.com/NARAprodstorage/lz/partnerships/32847/0001/DD01562/32847_1020705388_0010/32847_1020705388_0010-00249.jpg,2692873,119896780,Image provided by Ancestry.,Image (JPG)
32847_1020705388_0010-00250.jpg,https://s3.amazonaws.com/NARAprodstorage/lz/partnerships/32847/0001/DD01562/32847_1020705388_0010/32847_1020705388_0010-00250.jpg,2428431,119896781,"Ship Name: Champion, 1837 Jul 29. Image provided by Ancestry.",Image (JPG)
32847_1020705388_0010-00251.jpg,https://s3.amazonaws.com/NARAprodstorage/lz/partnerships/32847/0001/DD01562/32847_1020705388_0010/32847_1020705388_0010-00251.jpg,4453656,119896782,Image provided by Ancestry.,Image (JPG)
32847_1020705388_0010-00252.jpg,https://s3.amazonaws.com/NARAprodstorage/lz/partnerships/32847/0001/DD01562/32847_1020705388_0010/32847_1020705388_0010-00252.jpg,4185827,119896783,"Ship Name: Mobile, 1837 Jul 29. Image provided by Ancestry.",Image (JPG)
32847_1020705388_0010-00253.jpg,https://s3.amazonaws.com/NARAprodstorage/lz/partnerships/32847/0001/DD01562/32847_1020705388_0010/32847_1020705388_0010-00253.jpg,2373683,119896784,Image provided by Ancestry.,Image (JPG)
32847_1020705388_0010-00254.jpg,https://s3.amazonaws.com/NARAprodstorage/lz/partnerships/32847/0001/DD01562/32847_1020705388_0010/32847_1020705388_0010-00254.jpg,2160235,119896785,"Ship Name: Mobile, 1837 Jul 29. Image provided by Ancestry.",Image (JPG)
32847_1020705388_0010-00255.jpg,https://s3.amazonaws.com/NARAprodstorage/lz/partnerships/32847/0001/DD01562/32847_1020705388_0010/32847_1020705388_0010-00255.jpg,2640041,119896786,Image provided by Ancestry.,Image (JPG)
32847_1020705388_0010-00256.jpg,https://s3.amazonaws.com/NARAprodstorage/lz/partnerships/32847/0001/DD01562/32847_1020705388_0010/32847_1020705388_0010-00256.jpg,2699023,119896787,"Ship Name: Champion, 1837 Jul 29. Image provided by Ancestry.",Image (JPG)
32847_1020705388_0010-00257.jpg,https://s3.amazonaws.com/NARAprodstorage/lz/partnerships/32847/0001/DD01562/32847_1020705388_0010/32847_1020705388_0010-00257.jpg,2888864,119896788,Image provided by Ancestry.,Image (JPG)
32847_1020705388_0010-00258.jpg,https://s3.amazonaws.com/NARAprodstorage/lz/partnerships/32847/0001/DD01562/32847_1020705388_0010/32847_1020705388_0010-00258.jpg,2650865,119896789,"Ship Name: Champion, 1837 Jul 31. Image provided by Ancestry.",Image (JPG)
32847_1020705388_0010-00259.jpg,https://s3.amazonaws.com/NARAprodstorage/lz/partnerships/32847/0001/DD01562/32847_1020705388_0010/32847_1020705388_0010-00259.jpg,2777745,119896790,Image provided by Ancestry.,Image (JPG)
32847_1020705388_0010-00260.jpg,https://s3.amazonaws.com/NARAprodstorage/lz/partnerships/32847/0001/DD01562/32847_1020705388_0010/32847_1020705388_0010-00260.jpg,2613026,119896791,"Ship Name: Champion, 1837 Aug 1. Image provided by Ancestry.",Image (JPG)
32847_1020705388_0010-00261.jpg,https://s3.amazonaws.com/NARAprodstorage/lz/partnerships/32847/0001/DD01562/32847_1020705388_0010/32847_1020705388_0010-00261.jpg,2842390,119896792,Image provided by Ancestry.,Image (JPG)
32847_1020705388_0010-00262.jpg,https://s3.amazonaws.com/NARAprodstorage/lz/partnerships/32847/0001/DD01562/32847_1020705388_0010/32847_1020705388_0010-00262.jpg,2395914,119896793,"Ship Name: Champion, 1837 Aug 1. Image provided by Ancestry.",Image (JPG)
32847_1020705388_0010-00263.jpg,https://s3.amazonaws.com/NARAprodstorage/lz/partnerships/32847/0001/DD01562/32847_1020705388_0010/32847_1020705388_0010-00263.jpg,2722201,119896794,Image provided by Ancestry.,Image (JPG)
32847_1020705388_0010-00264.jpg,https://s3.amazonaws.com/NARAprodstorage/lz/partnerships/32847/0001/DD01562/32847_1020705388_0010/32847_1020705388_0010-00264.jpg,2411720,119896795,"Ship Name: Champion, 1837 Aug 1. Image provided by Ancestry.",Image (JPG)
32847_1020705388_0010-00265.jpg,https://s3.amazonaws.com/NARAprodstorage/lz/partnerships/32847/0001/DD01562/32847_1020705388_0010/32847_1020705388_0010-00265.jpg,2709780,119896796,Image provided by Ancestry.,Image (JPG)
32847_1020705388_0010-00266.jpg,https://s3.amazonaws.com/NARAprodstorage/lz/partnerships/32847/0001/DD01562/32847_1020705388_0010/32847_1020705388_0010-00266.jpg,2505896,119896797,"Ship Name: Champion, 1837 Aug 1. Image provided by Ancestry.",Image (JPG)
32847_1020705388_0010-00267.jpg,https://s3.amazonaws.com/NARAprodstorage/lz/partnerships/32847/0001/DD01562/32847_1020705388_0010/32847_1020705388_0010-00267.jpg,2448894,119896798,Image provided by Ancestry.,Image (JPG)
32847_1020705388_0010-00268.jpg,https://s3.amazonaws.com/NARAprodstorage/lz/partnerships/32847/0001/DD01562/32847_1020705388_0010/32847_1020705388_0010-00268.jpg,2185142,119896799,"Ship Name: State Of Alabama, 1837 Aug 1. Image provided by Ancestry.",Image (JPG)
32847_1020705388_0010-00269.jpg,https://s3.amazonaws.com/NARAprodstorage/lz/partnerships/32847/0001/DD01562/32847_1020705388_0010/32847_1020705388_0010-00269.jpg,3009175,119896800,Image provided by Ancestry.,Image (JPG)
32847_1020705388_0010-00270.jpg,https://s3.amazonaws.com/NARAprodstorage/lz/partnerships/32847/0001/DD01562/32847_1020705388_0010/32847_1020705388_0010-00270.jpg,2746041,119896801,"Ship Name: Champion, 1837 Aug 1. Image provided by Ancestry.",Image (JPG)
32847_1020705388_0010-00271.jpg,https://s3.amazonaws.com/NARAprodstorage/lz/partnerships/32847/0001/DD01562/32847_1020705388_0010/32847_1020705388_0010-00271.jpg,3065873,119896802,Image provided by Ancestry.,Image (JPG)
32847_1020705388_0010-00272.jpg,https://s3.amazonaws.com/NARAprodstorage/lz/partnerships/32847/0001/DD01562/32847_1020705388_0010/32847_1020705388_0010-00272.jpg,2661231,119896803,"Ship Name: Champion, 1837 Aug 1. Image provided by Ancestry.",Image (JPG)
32847_1020705388_0010-00273.jpg,https://s3.amazonaws.com/NARAprodstorage/lz/partnerships/32847/0001/DD01562/32847_1020705388_0010/32847_1020705388_0010-00273.jpg,2781665,119896804,Image provided by Ancestry.,Image (JPG)
32847_1020705388_0010-00274.jpg,https://s3.amazonaws.com/NARAprodstorage/lz/partnerships/32847/0001/DD01562/32847_1020705388_0010/32847_1020705388_0010-00274.jpg,2562501,119896805,"Ship Name: Champion, 1837 Aug 1. Image provided by Ancestry.",Image (JPG)
32847_1020705388_0010-00275.jpg,https://s3.amazonaws.com/NARAprodstorage/lz/partnerships/32847/0001/DD01562/32847_1020705388_0010/32847_1020705388_0010-00275.jpg,3110829,119896806,Image provided by Ancestry.,Image (JPG)
32847_1020705388_0010-00276.jpg,https://s3.amazonaws.com/NARAprodstorage/lz/partnerships/32847/0001/DD01562/32847_1020705388_0010/32847_1020705388_0010-00276.jpg,2583201,119896807,"Ship Name: Ouachita, 1837 Aug 1. Image provided by Ancestry.",Image (JPG)
32847_1020705388_0010-00277.jpg,https://s3.amazonaws.com/NARAprodstorage/lz/partnerships/32847/0001/DD01562/32847_1020705388_0010/32847_1020705388_0010-00277.jpg,1318942,119896808,Image provided by Ancestry.,Image (JPG)
32847_1020705388_0010-00278.jpg,https://s3.amazonaws.com/NARAprodstorage/lz/partnerships/32847/0001/DD01562/32847_1020705388_0010/32847_1020705388_0010-00278.jpg,3104902,119896809,Image provided by Ancestry.,Image (JPG)
32847_1020705388_0010-00279.jpg,https://s3.amazonaws.com/NARAprodstorage/lz/partnerships/32847/0001/DD01562/32847_1020705388_0010/32847_1020705388_0010-00279.jpg,2817482,119896810,"Ship Name: Champion, 1837 Aug 2. Image provided by Ancestry.",Image (JPG)
32847_1020705388_0010-00280.jpg,https://s3.amazonaws.com/NARAprodstorage/lz/partnerships/32847/0001/DD01562/32847_1020705388_0010/32847_1020705388_0010-00280.jpg,2736947,119896811,Image provided by Ancestry.,Image (JPG)
32847_1020705388_0010-00281.jpg,https://s3.amazonaws.com/NARAprodstorage/lz/partnerships/32847/0001/DD01562/32847_1020705388_0010/32847_1020705388_0010-00281.jpg,2206383,119896812,"Ship Name: Champion, 1837 Aug 3. Image provided by Ancestry.",Image (JPG)
32847_1020705388_0010-00282.jpg,https://s3.amazonaws.com/NARAprodstorage/lz/partnerships/32847/0001/DD01562/32847_1020705388_0010/32847_1020705388_0010-00282.jpg,2915505,119896813,Image provided by Ancestry.,Image (JPG)
32847_1020705388_0010-00283.jpg,https://s3.amazonaws.com/NARAprodstorage/lz/partnerships/32847/0001/DD01562/32847_1020705388_0010/32847_1020705388_0010-00283.jpg,2559594,119896814,"Ship Name: Champion, 1837 Aug 3. Image provided by Ancestry.",Image (JPG)
32847_1020705388_0010-00284.jpg,https://s3.amazonaws.com/NARAprodstorage/lz/partnerships/32847/0001/DD01562/32847_1020705388_0010/32847_1020705388_0010-00284.jpg,2859552,119896815,Image provided by Ancestry.,Image (JPG)
32847_1020705388_0010-00285.jpg,https://s3.amazonaws.com/NARAprodstorage/lz/partnerships/32847/0001/DD01562/32847_1020705388_0010/32847_1020705388_0010-00285.jpg,2513547,119896816,"Ship Name: Champion, 1837 Aug 3. Image provided by Ancestry.",Image (JPG)
32847_1020705388_0010-00286.jpg,https://s3.amazonaws.com/NARAprodstorage/lz/partnerships/32847/0001/DD01562/32847_1020705388_0010/32847_1020705388_0010-00286.jpg,2628836,119896817,Image provided by Ancestry.,Image (JPG)
32847_1020705388_0010-00287.jpg,https://s3.amazonaws.com/NARAprodstorage/lz/partnerships/32847/0001/DD01562/32847_1020705388_0010/32847_1020705388_0010-00287.jpg,2517768,119896818,"Ship Name: Champion, 1837 Aug 4. Image provided by Ancestry.",Image (JPG)
32847_1020705388_0010-00288.jpg,https://s3.amazonaws.com/NARAprodstorage/lz/partnerships/32847/0001/DD01562/32847_1020705388_0010/32847_1020705388_0010-00288.jpg,2283374,119896819,Image provided by Ancestry.,Image (JPG)
32847_1020705388_0010-00289.jpg,https://s3.amazonaws.com/NARAprodstorage/lz/partnerships/32847/0001/DD01562/32847_1020705388_0010/32847_1020705388_0010-00289.jpg,2465858,119896820,"Ship Name: Champion, 1837 Aug 4. Image provided by Ancestry.",Image (JPG)
32847_1020705388_0010-00290.jpg,https://s3.amazonaws.com/NARAprodstorage/lz/partnerships/32847/0001/DD01562/32847_1020705388_0010/32847_1020705388_0010-00290.jpg,2700447,119896821,Image provided by Ancestry.,Image (JPG)
32847_1020705388_0010-00291.jpg,https://s3.amazonaws.com/NARAprodstorage/lz/partnerships/32847/0001/DD01562/32847_1020705388_0010/32847_1020705388_0010-00291.jpg,2794556,119896822,"Ship Name: Champion, 1837 Aug 5. Image provided by Ancestry.",Image (JPG)
32847_1020705388_0010-00292.jpg,https://s3.amazonaws.com/NARAprodstorage/lz/partnerships/32847/0001/DD01562/32847_1020705388_0010/32847_1020705388_0010-00292.jpg,2965820,119896823,Image provided by Ancestry.,Image (JPG)
32847_1020705388_0010-00293.jpg,https://s3.amazonaws.com/NARAprodstorage/lz/partnerships/32847/0001/DD01562/32847_1020705388_0010/32847_1020705388_0010-00293.jpg,2797686,119896824,"Ship Name: Tuskar, 1837 Aug 5. Image provided by Ancestry.",Image (JPG)
32847_1020705388_0010-00294.jpg,https://s3.amazonaws.com/NARAprodstorage/lz/partnerships/32847/0001/DD01562/32847_1020705388_0010/32847_1020705388_0010-00294.jpg,2806578,119896825,Image provided by Ancestry.,Image (JPG)
32847_1020705388_0010-00295.jpg,https://s3.amazonaws.com/NARAprodstorage/lz/partnerships/32847/0001/DD01562/32847_1020705388_0010/32847_1020705388_0010-00295.jpg,2639653,119896826,"Ship Name: Alert, 1837 Aug 5. Image provided by Ancestry.",Image (JPG)
32847_1020705388_0010-00296.jpg,https://s3.amazonaws.com/NARAprodstorage/lz/partnerships/32847/0001/DD01562/32847_1020705388_0010/32847_1020705388_0010-00296.jpg,2841193,119896827,Image provided by Ancestry.,Image (JPG)
32847_1020705388_0010-00297.jpg,https://s3.amazonaws.com/NARAprodstorage/lz/partnerships/32847/0001/DD01562/32847_1020705388_0010/32847_1020705388_0010-00297.jpg,2479617,119896828,"Ship Name: Alert, 1837 Aug 5. Image provided by Ancestry.",Image (JPG)
32847_1020705388_0010-00298.jpg,https://s3.amazonaws.com/NARAprodstorage/lz/partnerships/32847/0001/DD01562/32847_1020705388_0010/32847_1020705388_0010-00298.jpg,2461109,119896829,Image provided by Ancestry.,Image (JPG)
32847_1020705388_0010-00299.jpg,https://s3.amazonaws.com/NARAprodstorage/lz/partnerships/32847/0001/DD01562/32847_1020705388_0010/32847_1020705388_0010-00299.jpg,2146625,119896830,"Ship Name: Ouachita, 1837 Aug 5. Image provided by Ancestry.",Image (JPG)
32847_1020705388_0010-00300.jpg,https://s3.amazonaws.com/NARAprodstorage/lz/partnerships/32847/0001/DD01562/32847_1020705388_0010/32847_1020705388_0010-00300.jpg,2472288,119896831,Image provided by Ancestry.,Image (JPG)
32847_1020705388_0010-00301.jpg,https://s3.amazonaws.com/NARAprodstorage/lz/partnerships/32847/0001/DD01562/32847_1020705388_0010/32847_1020705388_0010-00301.jpg,2010346,119896832,"Ship Name: Alert, 1837 Aug 6. Image provided by Ancestry.",Image (JPG)
32847_1020705388_0010-00302.jpg,https://s3.amazonaws.com/NARAprodstorage/lz/partnerships/32847/0001/DD01562/32847_1020705388_0010/32847_1020705388_0010-00302.jpg,2803976,119896833,Image provided by Ancestry.,Image (JPG)
32847_1020705388_0010-00303.jpg,https://s3.amazonaws.com/NARAprodstorage/lz/partnerships/32847/0001/DD01562/32847_1020705388_0010/32847_1020705388_0010-00303.jpg,2621137,119896834,"Ship Name: Alert, 1837 Aug 6. Image provided by Ancestry.",Image (JPG)
32847_1020705388_0010-00304.jpg,https://s3.amazonaws.com/NARAprodstorage/lz/partnerships/32847/0001/DD01562/32847_1020705388_0010/32847_1020705388_0010-00304.jpg,1497680,119896835,Image provided by Ancestry.,Image (JPG)
32847_1020705388_0010-00305.jpg,https://s3.amazonaws.com/NARAprodstorage/lz/partnerships/32847/0001/DD01562/32847_1020705388_0010/32847_1020705388_0010-00305.jpg,2841107,119896836,Image provided by Ancestry.,Image (JPG)
32847_1020705388_0010-00306.jpg,https://s3.amazonaws.com/NARAprodstorage/lz/partnerships/32847/0001/DD01562/32847_1020705388_0010/32847_1020705388_0010-00306.jpg,2381561,119896837,"Ship Name: Champion, 1837 Aug 7. Image provided by Ancestry.",Image (JPG)
32847_1020705388_0010-00307.jpg,https://s3.amazonaws.com/NARAprodstorage/lz/partnerships/32847/0001/DD01562/32847_1020705388_0010/32847_1020705388_0010-00307.jpg,2876343,119896838,Image provided by Ancestry.,Image (JPG)
32847_1020705388_0010-00308.jpg,https://s3.amazonaws.com/NARAprodstorage/lz/partnerships/32847/0001/DD01562/32847_1020705388_0010/32847_1020705388_0010-00308.jpg,2244589,119896839,"Ship Name: Champion, 1837 Aug 7. Image provided by Ancestry.",Image (JPG)
32847_1020705388_0010-00309.jpg,https://s3.amazonaws.com/NARAprodstorage/lz/partnerships/32847/0001/DD01562/32847_1020705388_0010/32847_1020705388_0010-00309.jpg,2010863,119896840,Image provided by Ancestry.,Image (JPG)
32847_1020705388_0010-00310.jpg,https://s3.amazonaws.com/NARAprodstorage/lz/partnerships/32847/0001/DD01562/32847_1020705388_0010/32847_1020705388_0010-00310.jpg,2141024,119896841,"Ship Name: Champion, 1837 Aug 7. Image provided by Ancestry.",Image (JPG)
32847_1020705388_0010-00311.jpg,https://s3.amazonaws.com/NARAprodstorage/lz/partnerships/32847/0001/DD01562/32847_1020705388_0010/32847_1020705388_0010-00311.jpg,2755458,119896842,Image provided by Ancestry.,Image (JPG)
32847_1020705388_0010-00312.jpg,https://s3.amazonaws.com/NARAprodstorage/lz/partnerships/32847/0001/DD01562/32847_1020705388_0010/32847_1020705388_0010-00312.jpg,2456598,119896843,"Ship Name: Champion, 1837 Aug 7. Image provided by Ancestry.",Image (JPG)
32847_1020705388_0010-00313.jpg,https://s3.amazonaws.com/NARAprodstorage/lz/partnerships/32847/0001/DD01562/32847_1020705388_0010/32847_1020705388_0010-00313.jpg,2824114,119896844,Image provided by Ancestry.,Image (JPG)
32847_1020705388_0010-00314.jpg,https://s3.amazonaws.com/NARAprodstorage/lz/partnerships/32847/0001/DD01562/32847_1020705388_0010/32847_1020705388_0010-00314.jpg,2554485,119896845,"Ship Name: Mobile, 1837 Aug 7. Image provided by Ancestry.",Image (JPG)
32847_1020705388_0010-00315.jpg,https://s3.amazonaws.com/NARAprodstorage/lz/partnerships/32847/0001/DD01562/32847_1020705388_0010/32847_1020705388_0010-00315.jpg,2865069,119896846,Image provided by Ancestry.,Image (JPG)
32847_1020705388_0010-00316.jpg,https://s3.amazonaws.com/NARAprodstorage/lz/partnerships/32847/0001/DD01562/32847_1020705388_0010/32847_1020705388_0010-00316.jpg,2566982,119896847,"Ship Name: Champion, 1837 Aug 8. Image provided by Ancestry.",Image (JPG)
32847_1020705388_0010-00317.jpg,https://s3.amazonaws.com/NARAprodstorage/lz/partnerships/32847/0001/DD01562/32847_1020705388_0010/32847_1020705388_0010-00317.jpg,2705247,119896848,Image provided by Ancestry.,Image (JPG)
32847_1020705388_0010-00318.jpg,https://s3.amazonaws.com/NARAprodstorage/lz/partnerships/32847/0001/DD01562/32847_1020705388_0010/32847_1020705388_0010-00318.jpg,1977721,119896849,"Ship Name: Merchant, 1837 Aug 8. Image provided by Ancestry.",Image (JPG)
32847_1020705388_0010-00319.jpg,https://s3.amazonaws.com/NARAprodstorage/lz/partnerships/32847/0001/DD01562/32847_1020705388_0010/32847_1020705388_0010-00319.jpg,2568984,119896850,Image provided by Ancestry.,Image (JPG)
32847_1020705388_0010-00320.jpg,https://s3.amazonaws.com/NARAprodstorage/lz/partnerships/32847/0001/DD01562/32847_1020705388_0010/32847_1020705388_0010-00320.jpg,2291798,119896851,"Ship Name: Champion, 1837 Aug 8. Image provided by Ancestry.",Image (JPG)
32847_1020705388_0010-00321.jpg,https://s3.amazonaws.com/NARAprodstorage/lz/partnerships/32847/0001/DD01562/32847_1020705388_0010/32847_1020705388_0010-00321.jpg,2692706,119896852,Image provided by Ancestry.,Image (JPG)
32847_1020705388_0010-00322.jpg,https://s3.amazonaws.com/NARAprodstorage/lz/partnerships/32847/0001/DD01562/32847_1020705388_0010/32847_1020705388_0010-00322.jpg,2602875,119896853,"Ship Name: Merchant, 1837 Aug 8. Image provided by Ancestry.",Image (JPG)
32847_1020705388_0010-00323.jpg,https://s3.amazonaws.com/NARAprodstorage/lz/partnerships/32847/0001/DD01562/32847_1020705388_0010/32847_1020705388_0010-00323.jpg,2508601,119896854,Image provided by Ancestry.,Image (JPG)
32847_1020705388_0010-00324.jpg,https://s3.amazonaws.com/NARAprodstorage/lz/partnerships/32847/0001/DD01562/32847_1020705388_0010/32847_1020705388_0010-00324.jpg,2282083,119896855,"Ship Name: Champion, 1837 Aug 9. Image provided by Ancestry.",Image (JPG)
32847_1020705388_0010-00325.jpg,https://s3.amazonaws.com/NARAprodstorage/lz/partnerships/32847/0001/DD01562/32847_1020705388_0010/32847_1020705388_0010-00325.jpg,2897895,119896856,Image provided by Ancestry.,Image (JPG)
32847_1020705388_0010-00326.jpg,https://s3.amazonaws.com/NARAprodstorage/lz/partnerships/32847/0001/DD01562/32847_1020705388_0010/32847_1020705388_0010-00326.jpg,2332445,119896857,"Ship Name: Champion, 1837 Aug 9. Image provided by Ancestry.",Image (JPG)
32847_1020705388_0010-00327.jpg,https://s3.amazonaws.com/NARAprodstorage/lz/partnerships/32847/0001/DD01562/32847_1020705388_0010/32847_1020705388_0010-00327.jpg,2802059,119896858,Image provided by Ancestry.,Image (JPG)
32847_1020705388_0010-00328.jpg,https://s3.amazonaws.com/NARAprodstorage/lz/partnerships/32847/0001/DD01562/32847_1020705388_0010/32847_1020705388_0010-00328.jpg,2207159,119896859,"Ship Name: Merchant, 1837 Aug 9. Image provided by Ancestry.",Image (JPG)
32847_1020705388_0010-00329.jpg,https://s3.amazonaws.com/NARAprodstorage/lz/partnerships/32847/0001/DD01562/32847_1020705388_0010/32847_1020705388_0010-00329.jpg,2845528,119896860,Image provided by Ancestry.,Image (JPG)
32847_1020705388_0010-00330.jpg,https://s3.amazonaws.com/NARAprodstorage/lz/partnerships/32847/0001/DD01562/32847_1020705388_0010/32847_1020705388_0010-00330.jpg,2603407,119896861,"Ship Name: Merchant, 1837 Aug 9. Image provided by Ancestry.",Image (JPG)
32847_1020705388_0010-00331.jpg,https://s3.amazonaws.com/NARAprodstorage/lz/partnerships/32847/0001/DD01562/32847_1020705388_0010/32847_1020705388_0010-00331.jpg,2687995,119896862,Image provided by Ancestry.,Image (JPG)
32847_1020705388_0010-00332.jpg,https://s3.amazonaws.com/NARAprodstorage/lz/partnerships/32847/0001/DD01562/32847_1020705388_0010/32847_1020705388_0010-00332.jpg,2504135,119896863,"Ship Name: Merchant, 1837 Aug 9. Image provided by Ancestry.",Image (JPG)
32847_1020705388_0010-00333.jpg,https://s3.amazonaws.com/NARAprodstorage/lz/partnerships/32847/0001/DD01562/32847_1020705388_0010/32847_1020705388_0010-00333.jpg,1161726,119896864,Image provided by Ancestry.,Image (JPG)
32847_1020705388_0010-00334.jpg,https://s3.amazonaws.com/NARAprodstorage/lz/partnerships/32847/0001/DD01562/32847_1020705388_0010/32847_1020705388_0010-00334.jpg,2126704,119896865,"Ship Name: Mazeppa, 1837. Image provided by Ancestry.",Image (JPG)
32847_1020705388_0010-00335.jpg,https://s3.amazonaws.com/NARAprodstorage/lz/partnerships/32847/0001/DD01562/32847_1020705388_0010/32847_1020705388_0010-00335.jpg,2405215,119896866,Image provided by Ancestry.,Image (JPG)
32847_1020705388_0010-00336.jpg,https://s3.amazonaws.com/NARAprodstorage/lz/partnerships/32847/0001/DD01562/32847_1020705388_0010/32847_1020705388_0010-00336.jpg,2784543,119896867,Image provided by Ancestry.,Image (JPG)
32847_1020705388_0010-00337.jpg,https://s3.amazonaws.com/NARAprodstorage/lz/partnerships/32847/0001/DD01562/32847_1020705388_0010/32847_1020705388_0010-00337.jpg,2428860,119896868,"Ship Name: Champion, 1837 Aug 11. Image provided by Ancestry.",Image (JPG)
32847_1020705388_0010-00338.jpg,https://s3.amazonaws.com/NARAprodstorage/lz/partnerships/32847/0001/DD01562/32847_1020705388_0010/32847_1020705388_0010-00338.jpg,2260902,119896869,Image provided by Ancestry.,Image (JPG)
32847_1020705388_0010-00339.jpg,https://s3.amazonaws.com/NARAprodstorage/lz/partnerships/32847/0001/DD01562/32847_1020705388_0010/32847_1020705388_0010-00339.jpg,2416592,119896870,"Ship Name: Caroline, 1837 Aug 11. Image provided by Ancestry.",Image (JPG)
32847_1020705388_0010-00340.jpg,https://s3.amazonaws.com/NARAprodstorage/lz/partnerships/32847/0001/DD01562/32847_1020705388_0010/32847_1020705388_0010-00340.jpg,2847300,119896871,Image provided by Ancestry.,Image (JPG)
32847_1020705388_0010-00341.jpg,https://s3.amazonaws.com/NARAprodstorage/lz/partnerships/32847/0001/DD01562/32847_1020705388_0010/32847_1020705388_0010-00341.jpg,2299447,119896872,"Ship Name: Champion, 1837 Aug 12. Image provided by Ancestry.",Image (JPG)
32847_1020705388_0010-00342.jpg,https://s3.amazonaws.com/NARAprodstorage/lz/partnerships/32847/0001/DD01562/32847_1020705388_0010/32847_1020705388_0010-00342.jpg,2796477,119896873,Image provided by Ancestry.,Image (JPG)
32847_1020705388_0010-00343.jpg,https://s3.amazonaws.com/NARAprodstorage/lz/partnerships/32847/0001/DD01562/32847_1020705388_0010/32847_1020705388_0010-00343.jpg,2343701,119896874,"Ship Name: Alert, 1837 Aug 10. Image provided by Ancestry.",Image (JPG)
32847_1020705388_0010-00344.jpg,https://s3.amazonaws.com/NARAprodstorage/lz/partnerships/32847/0001/DD01562/32847_1020705388_0010/32847_1020705388_0010-00344.jpg,3021947,119896875,Image provided by Ancestry.,Image (JPG)
32847_1020705388_0010-00345.jpg,https://s3.amazonaws.com/NARAprodstorage/lz/partnerships/32847/0001/DD01562/32847_1020705388_0010/32847_1020705388_0010-00345.jpg,2078678,119896876,"Ship Name: Champion, 1837 Aug 12. Image provided by Ancestry.",Image (JPG)
32847_1020705388_0010-00346.jpg,https://s3.amazonaws.com/NARAprodstorage/lz/partnerships/32847/0001/DD01562/32847_1020705388_0010/32847_1020705388_0010-00346.jpg,2733729,119896877,Image provided by Ancestry.,Image (JPG)
32847_1020705388_0010-00347.jpg,https://s3.amazonaws.com/NARAprodstorage/lz/partnerships/32847/0001/DD01562/32847_1020705388_0010/32847_1020705388_0010-00347.jpg,2321776,119896878,"Ship Name: Champion, 1837 Aug 14. Image provided by Ancestry.",Image (JPG)
32847_1020705388_0010-00348.jpg,https://s3.amazonaws.com/NARAprodstorage/lz/partnerships/32847/0001/DD01562/32847_1020705388_0010/32847_1020705388_0010-00348.jpg,2921528,119896879,Image provided by Ancestry.,Image (JPG)
32847_1020705388_0010-00349.jpg,https://s3.amazonaws.com/NARAprodstorage/lz/partnerships/32847/0001/DD01562/32847_1020705388_0010/32847_1020705388_0010-00349.jpg,2735377,119896880,"Ship Name: Alert, 1837 Aug 15. Image provided by Ancestry.",Image (JPG)
32847_1020705388_0010-00350.jpg,https://s3.amazonaws.com/NARAprodstorage/lz/partnerships/32847/0001/DD01562/32847_1020705388_0010/32847_1020705388_0010-00350.jpg,2979131,119896881,Image provided by Ancestry.,Image (JPG)
32847_1020705388_0010-00351.jpg,https://s3.amazonaws.com/NARAprodstorage/lz/partnerships/32847/0001/DD01562/32847_1020705388_0010/32847_1020705388_0010-00351.jpg,2399816,119896882,"Ship Name: Champion, 1837 Aug 15. Image provided by Ancestry.",Image (JPG)
32847_1020705388_0010-00352.jpg,https://s3.amazonaws.com/NARAprodstorage/lz/partnerships/32847/0001/DD01562/32847_1020705388_0010/32847_1020705388_0010-00352.jpg,3238106,119896883,Image provided by Ancestry.,Image (JPG)
32847_1020705388_0010-00353.jpg,https://s3.amazonaws.com/NARAprodstorage/lz/partnerships/32847/0001/DD01562/32847_1020705388_0010/32847_1020705388_0010-00353.jpg,2884341,119896884,"Ship Name: Alert, 1837 Aug 15. Image provided by Ancestry.",Image (JPG)
32847_1020705388_0010-00354.jpg,https://s3.amazonaws.com/NARAprodstorage/lz/partnerships/32847/0001/DD01562/32847_1020705388_0010/32847_1020705388_0010-00354.jpg,2846283,119896885,Image provided by Ancestry.,Image (JPG)
32847_1020705388_0010-00355.jpg,https://s3.amazonaws.com/NARAprodstorage/lz/partnerships/32847/0001/DD01562/32847_1020705388_0010/32847_1020705388_0010-00355.jpg,2795132,119896886,"Ship Name: Champion, 1837 Aug 15. Image provided by Ancestry.",Image (JPG)
32847_1020705388_0010-00356.jpg,https://s3.amazonaws.com/NARAprodstorage/lz/partnerships/32847/0001/DD01562/32847_1020705388_0010/32847_1020705388_0010-00356.jpg,2913778,119896887,Image provided by Ancestry.,Image (JPG)
32847_1020705388_0010-00357.jpg,https://s3.amazonaws.com/NARAprodstorage/lz/partnerships/32847/0001/DD01562/32847_1020705388_0010/32847_1020705388_0010-00357.jpg,2797704,119896888,"Ship Name: Eugene, 1837 Aug 16. Image provided by Ancestry.",Image (JPG)
32847_1020705388_0010-00358.jpg,https://s3.amazonaws.com/NARAprodstorage/lz/partnerships/32847/0001/DD01562/32847_1020705388_0010/32847_1020705388_0010-00358.jpg,2791939,119896889,Image provided by Ancestry.,Image (JPG)
32847_1020705388_0010-00359.jpg,https://s3.amazonaws.com/NARAprodstorage/lz/partnerships/32847/0001/DD01562/32847_1020705388_0010/32847_1020705388_0010-00359.jpg,2525510,119896890,"Ship Name: Champion, 1837 Aug 16. Image provided by Ancestry.",Image (JPG)
32847_1020705388_0010-00360.jpg,https://s3.amazonaws.com/NARAprodstorage/lz/partnerships/32847/0001/DD01562/32847_1020705388_0010/32847_1020705388_0010-00360.jpg,2547581,119896891,Image provided by Ancestry.,Image (JPG)
32847_1020705388_0010-00361.jpg,https://s3.amazonaws.com/NARAprodstorage/lz/partnerships/32847/0001/DD01562/32847_1020705388_0010/32847_1020705388_0010-00361.jpg,2227560,119896892,1837. Image provided by Ancestry.,Image (JPG)
32847_1020705388_0010-00362.jpg,https://s3.amazonaws.com/NARAprodstorage/lz/partnerships/32847/0001/DD01562/32847_1020705388_0010/32847_1020705388_0010-00362.jpg,2545785,119896893,Image provided by Ancestry.,Image (JPG)
32847_1020705388_0010-00363.jpg,https://s3.amazonaws.com/NARAprodstorage/lz/partnerships/32847/0001/DD01562/32847_1020705388_0010/32847_1020705388_0010-00363.jpg,2251024,119896894,"Ship Name: Champion, 1837 Aug 16. Image provided by Ancestry.",Image (JPG)
32847_1020705388_0010-00364.jpg,https://s3.amazonaws.com/NARAprodstorage/lz/partnerships/32847/0001/DD01562/32847_1020705388_0010/32847_1020705388_0010-00364.jpg,1164592,119896895,Image provided by Ancestry.,Image (JPG)
32847_1020705388_0010-00365.jpg,https://s3.amazonaws.com/NARAprodstorage/lz/partnerships/32847/0001/DD01562/32847_1020705388_0010/32847_1020705388_0010-00365.jpg,2340457,119896896,Image provided by Ancestry.,Image (JPG)
32847_1020705388_0010-00366.jpg,https://s3.amazonaws.com/NARAprodstorage/lz/partnerships/32847/0001/DD01562/32847_1020705388_0010/32847_1020705388_0010-00366.jpg,2247052,119896897,"Ship Name: Mazeppa, 1837 Aug 17. Image provided by Ancestry.",Image (JPG)
32847_1020705388_0010-00367.jpg,https://s3.amazonaws.com/NARAprodstorage/lz/partnerships/32847/0001/DD01562/32847_1020705388_0010/32847_1020705388_0010-00367.jpg,2511570,119896898,Image provided by Ancestry.,Image (JPG)
32847_1020705388_0010-00368.jpg,https://s3.amazonaws.com/NARAprodstorage/lz/partnerships/32847/0001/DD01562/32847_1020705388_0010/32847_1020705388_0010-00368.jpg,2104879,119896899,"Ship Name: Mazeppa, 1837 Aug 17. Image provided by Ancestry.",Image (JPG)
32847_1020705388_0010-00369.jpg,https://s3.amazonaws.com/NARAprodstorage/lz/partnerships/32847/0001/DD01562/32847_1020705388_0010/32847_1020705388_0010-00369.jpg,2317769,119896900,Image provided by Ancestry.,Image (JPG)
32847_1020705388_0010-00370.jpg,https://s3.amazonaws.com/NARAprodstorage/lz/partnerships/32847/0001/DD01562/32847_1020705388_0010/32847_1020705388_0010-00370.jpg,2119188,119896901,"Ship Name: Mazeppa, 1837 Aug 17. Image provided by Ancestry.",Image (JPG)
32847_1020705388_0010-00371.jpg,https://s3.amazonaws.com/NARAprodstorage/lz/partnerships/32847/0001/DD01562/32847_1020705388_0010/32847_1020705388_0010-00371.jpg,2209717,119896902,Image provided by Ancestry.,Image (JPG)
32847_1020705388_0010-00372.jpg,https://s3.amazonaws.com/NARAprodstorage/lz/partnerships/32847/0001/DD01562/32847_1020705388_0010/32847_1020705388_0010-00372.jpg,2114644,119896903,"Ship Name: Champion, 1837 Aug 18. Image provided by Ancestry.",Image (JPG)
32847_1020705388_0010-00373.jpg,https://s3.amazonaws.com/NARAprodstorage/lz/partnerships/32847/0001/DD01562/32847_1020705388_0010/32847_1020705388_0010-00373.jpg,2443625,119896904,Image provided by Ancestry.,Image (JPG)
32847_1020705388_0010-00374.jpg,https://s3.amazonaws.com/NARAprodstorage/lz/partnerships/32847/0001/DD01562/32847_1020705388_0010/32847_1020705388_0010-00374.jpg,2052782,119896905,"Ship Name: Alert, 1837 Aug 19. Image provided by Ancestry.",Image (JPG)
32847_1020705388_0010-00375.jpg,https://s3.amazonaws.com/NARAprodstorage/lz/partnerships/32847/0001/DD01562/32847_1020705388_0010/32847_1020705388_0010-00375.jpg,2507363,119896906,Image provided by Ancestry.,Image (JPG)
32847_1020705388_0010-00376.jpg,https://s3.amazonaws.com/NARAprodstorage/lz/partnerships/32847/0001/DD01562/32847_1020705388_0010/32847_1020705388_0010-00376.jpg,1837563,119896907,"Ship Name: Champion, 1837 Aug 19. Image provided by Ancestry.",Image (JPG)
32847_1020705388_0010-00377.jpg,https://s3.amazonaws.com/NARAprodstorage/lz/partnerships/32847/0001/DD01562/32847_1020705388_0010/32847_1020705388_0010-00377.jpg,2386595,119896908,Image provided by Ancestry.,Image (JPG)
32847_1020705388_0010-00378.jpg,https://s3.amazonaws.com/NARAprodstorage/lz/partnerships/32847/0001/DD01562/32847_1020705388_0010/32847_1020705388_0010-00378.jpg,2054801,119896909,"Ship Name: Champion, 1837 Aug 19. Image provided by Ancestry.",Image (JPG)
32847_1020705388_0010-00379.jpg,https://s3.amazonaws.com/NARAprodstorage/lz/partnerships/32847/0001/DD01562/32847_1020705388_0010/32847_1020705388_0010-00379.jpg,2436181,119896910,Image provided by Ancestry.,Image (JPG)
32847_1020705388_0010-00380.jpg,https://s3.amazonaws.com/NARAprodstorage/lz/partnerships/32847/0001/DD01562/32847_1020705388_0010/32847_1020705388_0010-00380.jpg,2211727,119896911,"Ship Name: Champion, 1837 Aug 19. Image provided by Ancestry.",Image (JPG)
32847_1020705388_0010-00381.jpg,https://s3.amazonaws.com/NARAprodstorage/lz/partnerships/32847/0001/DD01562/32847_1020705388_0010/32847_1020705388_0010-00381.jpg,2745014,119896912,Image provided by Ancestry.,Image (JPG)
32847_1020705388_0010-00382.jpg,https://s3.amazonaws.com/NARAprodstorage/lz/partnerships/32847/0001/DD01562/32847_1020705388_0010/32847_1020705388_0010-00382.jpg,2439574,119896913,"Ship Name: Mazeppa, 1837 Aug 29. Image provided by Ancestry.",Image (JPG)
32847_1020705388_0010-00383.jpg,https://s3.amazonaws.com/NARAprodstorage/lz/partnerships/32847/0001/DD01562/32847_1020705388_0010/32847_1020705388_0010-00383.jpg,2465956,119896914,Image provided by Ancestry.,Image (JPG)
32847_1020705388_0010-00384.jpg,https://s3.amazonaws.com/NARAprodstorage/lz/partnerships/32847/0001/DD01562/32847_1020705388_0010/32847_1020705388_0010-00384.jpg,2173091,119896915,"Ship Name: Mazeppa, 1837 Aug 19. Image provided by Ancestry.",Image (JPG)
32847_1020705388_0010-00385.jpg,https://s3.amazonaws.com/NARAprodstorage/lz/partnerships/32847/0001/DD01562/32847_1020705388_0010/32847_1020705388_0010-00385.jpg,2674934,119896916,Image provided by Ancestry.,Image (JPG)
32847_1020705388_0010-00386.jpg,https://s3.amazonaws.com/NARAprodstorage/lz/partnerships/32847/0001/DD01562/32847_1020705388_0010/32847_1020705388_0010-00386.jpg,2476200,119896917,"Ship Name: Mazeppa, 1837 Aug 19. Image provided by Ancestry.",Image (JPG)
32847_1020705388_0010-00387.jpg,https://s3.amazonaws.com/NARAprodstorage/lz/partnerships/32847/0001/DD01562/32847_1020705388_0010/32847_1020705388_0010-00387.jpg,1471732,119896918,Image provided by Ancestry.,Image (JPG)
32847_1020705388_0010-00388.jpg,https://s3.amazonaws.com/NARAprodstorage/lz/partnerships/32847/0001/DD01562/32847_1020705388_0010/32847_1020705388_0010-00388.jpg,2250547,119896919,Image provided by Ancestry.,Image (JPG)
32847_1020705388_0010-00389.jpg,https://s3.amazonaws.com/NARAprodstorage/lz/partnerships/32847/0001/DD01562/32847_1020705388_0010/32847_1020705388_0010-00389.jpg,2118151,119896920,"Ship Name: Champion, 1837 Aug 21. Image provided by Ancestry.",Image (JPG)
32847_1020705388_0010-00390.jpg,https://s3.amazonaws.com/NARAprodstorage/lz/partnerships/32847/0001/DD01562/32847_1020705388_0010/32847_1020705388_0010-00390.jpg,2581658,119896921,Image provided by Ancestry.,Image (JPG)
32847_1020705388_0010-00391.jpg,https://s3.amazonaws.com/NARAprodstorage/lz/partnerships/32847/0001/DD01562/32847_1020705388_0010/32847_1020705388_0010-00391.jpg,2107248,119896922,"Ship Name: Mazeppa, 1837 Aug 23. Image provided by Ancestry.",Image (JPG)
32847_1020705388_0010-00392.jpg,https://s3.amazonaws.com/NARAprodstorage/lz/partnerships/32847/0001/DD01562/32847_1020705388_0010/32847_1020705388_0010-00392.jpg,2333553,119896923,Image provided by Ancestry.,Image (JPG)
32847_1020705388_0010-00393.jpg,https://s3.amazonaws.com/NARAprodstorage/lz/partnerships/32847/0001/DD01562/32847_1020705388_0010/32847_1020705388_0010-00393.jpg,2006543,119896924,"Ship Name: Champion, 1837 Aug 23. Image provided by Ancestry.",Image (JPG)
32847_1020705388_0010-00394.jpg,https://s3.amazonaws.com/NARAprodstorage/lz/partnerships/32847/0001/DD01562/32847_1020705388_0010/32847_1020705388_0010-00394.jpg,2435225,119896925,Image provided by Ancestry.,Image (JPG)
32847_1020705388_0010-00395.jpg,https://s3.amazonaws.com/NARAprodstorage/lz/partnerships/32847/0001/DD01562/32847_1020705388_0010/32847_1020705388_0010-00395.jpg,1825709,119896926,"Ship Name: Mobile, 1837 Aug 28. Image provided by Ancestry.",Image (JPG)
32847_1020705388_0010-00396.jpg,https://s3.amazonaws.com/NARAprodstorage/lz/partnerships/32847/0001/DD01562/32847_1020705388_0010/32847_1020705388_0010-00396.jpg,2298625,119896927,Image provided by Ancestry.,Image (JPG)
32847_1020705388_0010-00397.jpg,https://s3.amazonaws.com/NARAprodstorage/lz/partnerships/32847/0001/DD01562/32847_1020705388_0010/32847_1020705388_0010-00397.jpg,1971455,119896928,"Ship Name: Mobile, 1837 Aug 24. Image provided by Ancestry.",Image (JPG)
32847_1020705388_0010-00398.jpg,https://s3.amazonaws.com/NARAprodstorage/lz/partnerships/32847/0001/DD01562/32847_1020705388_0010/32847_1020705388_0010-00398.jpg,2467865,119896929,Image provided by Ancestry.,Image (JPG)
32847_1020705388_0010-00399.jpg,https://s3.amazonaws.com/NARAprodstorage/lz/partnerships/32847/0001/DD01562/32847_1020705388_0010/32847_1020705388_0010-00399.jpg,2175874,119896930,"Ship Name: Champion, 1837 Aug 24. Image provided by Ancestry.",Image (JPG)
32847_1020705388_0010-00400.jpg,https://s3.amazonaws.com/NARAprodstorage/lz/partnerships/32847/0001/DD01562/32847_1020705388_0010/32847_1020705388_0010-00400.jpg,2437107,119896931,Image provided by Ancestry.,Image (JPG)
32847_1020705388_0010-00401.jpg,https://s3.amazonaws.com/NARAprodstorage/lz/partnerships/32847/0001/DD01562/32847_1020705388_0010/32847_1020705388_0010-00401.jpg,2446201,119896932,"Ship Name: Champion, 1837 Aug 24. Image provided by Ancestry.",Image (JPG)
32847_1020705388_0010-00402.jpg,https://s3.amazonaws.com/NARAprodstorage/lz/partnerships/32847/0001/DD01562/32847_1020705388_0010/32847_1020705388_0010-00402.jpg,2249537,119896933,Image provided by Ancestry.,Image (JPG)
32847_1020705388_0010-00403.jpg,https://s3.amazonaws.com/NARAprodstorage/lz/partnerships/32847/0001/DD01562/32847_1020705388_0010/32847_1020705388_0010-00403.jpg,2005842,119896934,"Ship Name: Alert, 1837 Aug 25. Image provided by Ancestry.",Image (JPG)
32847_1020705388_0010-00404.jpg,https://s3.amazonaws.com/NARAprodstorage/lz/partnerships/32847/0001/DD01562/32847_1020705388_0010/32847_1020705388_0010-00404.jpg,2582384,119896935,Image provided by Ancestry.,Image (JPG)
32847_1020705388_0010-00405.jpg,https://s3.amazonaws.com/NARAprodstorage/lz/partnerships/32847/0001/DD01562/32847_1020705388_0010/32847_1020705388_0010-00405.jpg,2028537,119896936,"Ship Name: Alert, 1837 Aug 25. Image provided by Ancestry.",Image (JPG)
32847_1020705388_0010-00406.jpg,https://s3.amazonaws.com/NARAprodstorage/lz/partnerships/32847/0001/DD01562/32847_1020705388_0010/32847_1020705388_0010-00406.jpg,2483184,119896937,Image provided by Ancestry.,Image (JPG)
32847_1020705388_0010-00407.jpg,https://s3.amazonaws.com/NARAprodstorage/lz/partnerships/32847/0001/DD01562/32847_1020705388_0010/32847_1020705388_0010-00407.jpg,2112819,119896938,"Ship Name: Ouachita, 1837 Aug 26. Image provided by Ancestry.",Image (JPG)
32847_1020705388_0010-00408.jpg,https://s3.amazonaws.com/NARAprodstorage/lz/partnerships/32847/0001/DD01562/32847_1020705388_0010/32847_1020705388_0010-00408.jpg,2672820,119896939,Image provided by Ancestry.,Image (JPG)
32847_1020705388_0010-00409.jpg,https://s3.amazonaws.com/NARAprodstorage/lz/partnerships/32847/0001/DD01562/32847_1020705388_0010/32847_1020705388_0010-00409.jpg,2487656,119896940,"Ship Name: Ouachita, 1837 Aug 27. Image provided by Ancestry.",Image (JPG)
32847_1020705388_0010-00410.jpg,https://s3.amazonaws.com/NARAprodstorage/lz/partnerships/32847/0001/DD01562/32847_1020705388_0010/32847_1020705388_0010-00410.jpg,2437852,119896941,Image provided by Ancestry.,Image (JPG)
32847_1020705388_0010-00411.jpg,https://s3.amazonaws.com/NARAprodstorage/lz/partnerships/32847/0001/DD01562/32847_1020705388_0010/32847_1020705388_0010-00411.jpg,2246944,119896942,"Ship Name: Champion, 1837 Aug 28. Image provided by Ancestry.",Image (JPG)
32847_1020705388_0010-00412.jpg,https://s3.amazonaws.com/NARAprodstorage/lz/partnerships/32847/0001/DD01562/32847_1020705388_0010/32847_1020705388_0010-00412.jpg,2597747,119896943,Image provided by Ancestry.,Image (JPG)
32847_1020705388_0010-00413.jpg,https://s3.amazonaws.com/NARAprodstorage/lz/partnerships/32847/0001/DD01562/32847_1020705388_0010/32847_1020705388_0010-00413.jpg,2146197,119896944,"Ship Name: Champion, 1837 Aug 28. Image provided by Ancestry.",Image (JPG)
32847_1020705388_0010-00414.jpg,https://s3.amazonaws.com/NARAprodstorage/lz/partnerships/32847/0001/DD01562/32847_1020705388_0010/32847_1020705388_0010-00414.jpg,2443914,119896945,Image provided by Ancestry.,Image (JPG)
32847_1020705388_0010-00415.jpg,https://s3.amazonaws.com/NARAprodstorage/lz/partnerships/32847/0001/DD01562/32847_1020705388_0010/32847_1020705388_0010-00415.jpg,2129283,119896946,"Ship Name: Champion, 1837 Aug 28. Image provided by Ancestry.",Image (JPG)
32847_1020705388_0010-00416.jpg,https://s3.amazonaws.com/NARAprodstorage/lz/partnerships/32847/0001/DD01562/32847_1020705388_0010/32847_1020705388_0010-00416.jpg,2828334,119896947,Image provided by Ancestry.,Image (JPG)
32847_1020705388_0010-00417.jpg,https://s3.amazonaws.com/NARAprodstorage/lz/partnerships/32847/0001/DD01562/32847_1020705388_0010/32847_1020705388_0010-00417.jpg,2246975,119896948,"Ship Name: Mobile, 1837 Aug 28. Image provided by Ancestry.",Image (JPG)
32847_1020705388_0010-00418.jpg,https://s3.amazonaws.com/NARAprodstorage/lz/partnerships/32847/0001/DD01562/32847_1020705388_0010/32847_1020705388_0010-00418.jpg,2343556,119896949,Image provided by Ancestry.,Image (JPG)
32847_1020705388_0010-00419.jpg,https://s3.amazonaws.com/NARAprodstorage/lz/partnerships/32847/0001/DD01562/32847_1020705388_0010/32847_1020705388_0010-00419.jpg,2123443,119896950,"Ship Name: Alert, 1837 Aug 20. Image provided by Ancestry.",Image (JPG)
32847_1020705388_0010-00420.jpg,https://s3.amazonaws.com/NARAprodstorage/lz/partnerships/32847/0001/DD01562/32847_1020705388_0010/32847_1020705388_0010-00420.jpg,2577783,119896951,Image provided by Ancestry.,Image (JPG)
32847_1020705388_0010-00421.jpg,https://s3.amazonaws.com/NARAprodstorage/lz/partnerships/32847/0001/DD01562/32847_1020705388_0010/32847_1020705388_0010-00421.jpg,1984862,119896952,"Ship Name: Alert, 1837 Aug 29. Image provided by Ancestry.",Image (JPG)
32847_1020705388_0010-00422.jpg,https://s3.amazonaws.com/NARAprodstorage/lz/partnerships/32847/0001/DD01562/32847_1020705388_0010/32847_1020705388_0010-00422.jpg,2534499,119896953,Image provided by Ancestry.,Image (JPG)
32847_1020705388_0010-00423.jpg,https://s3.amazonaws.com/NARAprodstorage/lz/partnerships/32847/0001/DD01562/32847_1020705388_0010/32847_1020705388_0010-00423.jpg,2257317,119896954,"Ship Name: Champion, 1837 Aug 29. Image provided by Ancestry.",Image (JPG)
32847_1020705388_0010-00424.jpg,https://s3.amazonaws.com/NARAprodstorage/lz/partnerships/32847/0001/DD01562/32847_1020705388_0010/32847_1020705388_0010-00424.jpg,1483350,119896955,Image provided by Ancestry.,Image (JPG)
32847_1020705388_0010-00425.jpg,https://s3.amazonaws.com/NARAprodstorage/lz/partnerships/32847/0001/DD01562/32847_1020705388_0010/32847_1020705388_0010-00425.jpg,2384016,119896956,Image provided by Ancestry.,Image (JPG)
32847_1020705388_0010-00426.jpg,https://s3.amazonaws.com/NARAprodstorage/lz/partnerships/32847/0001/DD01562/32847_1020705388_0010/32847_1020705388_0010-00426.jpg,2267907,119896957,"Ship Name: Mazeppa, 1837 Aug 30. Image provided by Ancestry.",Image (JPG)
32847_1020705388_0010-00427.jpg,https://s3.amazonaws.com/NARAprodstorage/lz/partnerships/32847/0001/DD01562/32847_1020705388_0010/32847_1020705388_0010-00427.jpg,2563233,119896958,Image provided by Ancestry.,Image (JPG)
32847_1020705388_0010-00428.jpg,https://s3.amazonaws.com/NARAprodstorage/lz/partnerships/32847/0001/DD01562/32847_1020705388_0010/32847_1020705388_0010-00428.jpg,2295370,119896959,"Ship Name: Mazeppa, 1837 Aug 31. Image provided by Ancestry.",Image (JPG)
32847_1020705388_0010-00429.jpg,https://s3.amazonaws.com/NARAprodstorage/lz/partnerships/32847/0001/DD01562/32847_1020705388_0010/32847_1020705388_0010-00429.jpg,2970107,119896960,Image provided by Ancestry.,Image (JPG)
32847_1020705388_0010-00430.jpg,https://s3.amazonaws.com/NARAprodstorage/lz/partnerships/32847/0001/DD01562/32847_1020705388_0010/32847_1020705388_0010-00430.jpg,2630317,119896961,"Ship Name: Alert, 1837 Sep 2. Image provided by Ancestry.",Image (JPG)
32847_1020705388_0010-00431.jpg,https://s3.amazonaws.com/NARAprodstorage/lz/partnerships/32847/0001/DD01562/32847_1020705388_0010/32847_1020705388_0010-00431.jpg,2476504,119896962,Image provided by Ancestry.,Image (JPG)
32847_1020705388_0010-00432.jpg,https://s3.amazonaws.com/NARAprodstorage/lz/partnerships/32847/0001/DD01562/32847_1020705388_0010/32847_1020705388_0010-00432.jpg,2474734,119896963,"Ship Name: Merchant, 1837. Image provided by Ancestry.",Image (JPG)
32847_1020705388_0010-00433.jpg,https://s3.amazonaws.com/NARAprodstorage/lz/partnerships/32847/0001/DD01562/32847_1020705388_0010/32847_1020705388_0010-00433.jpg,2634611,119896964,Image provided by Ancestry.,Image (JPG)
32847_1020705388_0010-00434.jpg,https://s3.amazonaws.com/NARAprodstorage/lz/partnerships/32847/0001/DD01562/32847_1020705388_0010/32847_1020705388_0010-00434.jpg,2319128,119896965,"Ship Name: Champion, 1837 Sep 9. Image provided by Ancestry.",Image (JPG)
32847_1020705388_0010-00435.jpg,https://s3.amazonaws.com/NARAprodstorage/lz/partnerships/32847/0001/DD01562/32847_1020705388_0010/32847_1020705388_0010-00435.jpg,2639602,119896966,Image provided by Ancestry.,Image (JPG)
32847_1020705388_0010-00436.jpg,https://s3.amazonaws.com/NARAprodstorage/lz/partnerships/32847/0001/DD01562/32847_1020705388_0010/32847_1020705388_0010-00436.jpg,2632934,119896967,Image provided by Ancestry.,Image (JPG)
32847_1020705388_0010-00437.jpg,https://s3.amazonaws.com/NARAprodstorage/lz/partnerships/32847/0001/DD01562/32847_1020705388_0010/32847_1020705388_0010-00437.jpg,2575423,119896968,"Ship Name: Alert, 1837 Sep 7. Image provided by Ancestry.",Image (JPG)
32847_1020705388_0010-00438.jpg,https://s3.amazonaws.com/NARAprodstorage/lz/partnerships/32847/0001/DD01562/32847_1020705388_0010/32847_1020705388_0010-00438.jpg,2729480,119896969,Image provided by Ancestry.,Image (JPG)
32847_1020705388_0010-00439.jpg,https://s3.amazonaws.com/NARAprodstorage/lz/partnerships/32847/0001/DD01562/32847_1020705388_0010/32847_1020705388_0010-00439.jpg,2385430,119896970,"Ship Name: Mazeppa, 1837 Sep 8. Image provided by Ancestry.",Image (JPG)
32847_1020705388_0010-00440.jpg,https://s3.amazonaws.com/NARAprodstorage/lz/partnerships/32847/0001/DD01562/32847_1020705388_0010/32847_1020705388_0010-00440.jpg,2755187,119896971,Image provided by Ancestry.,Image (JPG)
32847_1020705388_0010-00441.jpg,https://s3.amazonaws.com/NARAprodstorage/lz/partnerships/32847/0001/DD01562/32847_1020705388_0010/32847_1020705388_0010-00441.jpg,2226851,119896972,"Ship Name: Mazeppa, 1837. Image provided by Ancestry.",Image (JPG)
32847_1020705388_0010-00442.jpg,https://s3.amazonaws.com/NARAprodstorage/lz/partnerships/32847/0001/DD01562/32847_1020705388_0010/32847_1020705388_0010-00442.jpg,2525564,119896973,Image provided by Ancestry.,Image (JPG)
32847_1020705388_0010-00443.jpg,https://s3.amazonaws.com/NARAprodstorage/lz/partnerships/32847/0001/DD01562/32847_1020705388_0010/32847_1020705388_0010-00443.jpg,2027181,119896974,Image provided by Ancestry.,Image (JPG)
32847_1020705388_0010-00444.jpg,https://s3.amazonaws.com/NARAprodstorage/lz/partnerships/32847/0001/DD01562/32847_1020705388_0010/32847_1020705388_0010-00444.jpg,2569358,119896975,Image provided by Ancestry.,Image (JPG)
32847_1020705388_0010-00445.jpg,https://s3.amazonaws.com/NARAprodstorage/lz/partnerships/32847/0001/DD01562/32847_1020705388_0010/32847_1020705388_0010-00445.jpg,2305230,119896976,"Ship Name: Alert, 1837 Sep 13. Image provided by Ancestry.",Image (JPG)
32847_1020705388_0010-00446.jpg,https://s3.amazonaws.com/NARAprodstorage/lz/partnerships/32847/0001/DD01562/32847_1020705388_0010/32847_1020705388_0010-00446.jpg,2659531,119896977,Image provided by Ancestry.,Image (JPG)
32847_1020705388_0010-00447.jpg,https://s3.amazonaws.com/NARAprodstorage/lz/partnerships/32847/0001/DD01562/32847_1020705388_0010/32847_1020705388_0010-00447.jpg,2307695,119896978,"Ship Name: Alert, 1837 Sep 14. Image provided by Ancestry.",Image (JPG)
32847_1020705388_0010-00448.jpg,https://s3.amazonaws.com/NARAprodstorage/lz/partnerships/32847/0001/DD01562/32847_1020705388_0010/32847_1020705388_0010-00448.jpg,2621056,119896979,Image provided by Ancestry.,Image (JPG)
32847_1020705388_0010-00449.jpg,https://s3.amazonaws.com/NARAprodstorage/lz/partnerships/32847/0001/DD01562/32847_1020705388_0010/32847_1020705388_0010-00449.jpg,2222594,119896980,"Ship Name: Alert, 1837 Sep 14. Image provided by Ancestry.",Image (JPG)
32847_1020705388_0010-00450.jpg,https://s3.amazonaws.com/NARAprodstorage/lz/partnerships/32847/0001/DD01562/32847_1020705388_0010/32847_1020705388_0010-00450.jpg,2614170,119896981,Image provided by Ancestry.,Image (JPG)
32847_1020705388_0010-00451.jpg,https://s3.amazonaws.com/NARAprodstorage/lz/partnerships/32847/0001/DD01562/32847_1020705388_0010/32847_1020705388_0010-00451.jpg,2025553,119896982,"Ship Name: Alert, 1837 Sep 14. Image provided by Ancestry.",Image (JPG)
32847_1020705388_0010-00452.jpg,https://s3.amazonaws.com/NARAprodstorage/lz/partnerships/32847/0001/DD01562/32847_1020705388_0010/32847_1020705388_0010-00452.jpg,2594485,119896983,Image provided by Ancestry.,Image (JPG)
32847_1020705388_0010-00453.jpg,https://s3.amazonaws.com/NARAprodstorage/lz/partnerships/32847/0001/DD01562/32847_1020705388_0010/32847_1020705388_0010-00453.jpg,2313481,119896984,"Ship Name: Champion, 1837 Sep 15. Image provided by Ancestry.",Image (JPG)
32847_1020705388_0010-00454.jpg,https://s3.amazonaws.com/NARAprodstorage/lz/partnerships/32847/0001/DD01562/32847_1020705388_0010/32847_1020705388_0010-00454.jpg,2782271,119896985,Image provided by Ancestry.,Image (JPG)
32847_1020705388_0010-00455.jpg,https://s3.amazonaws.com/NARAprodstorage/lz/partnerships/32847/0001/DD01562/32847_1020705388_0010/32847_1020705388_0010-00455.jpg,2361872,119896986,"Ship Name: Merchant, 1837 Sep 18. Image provided by Ancestry.",Image (JPG)
32847_1020705388_0010-00456.jpg,https://s3.amazonaws.com/NARAprodstorage/lz/partnerships/32847/0001/DD01562/32847_1020705388_0010/32847_1020705388_0010-00456.jpg,2663537,119896987,Image provided by Ancestry.,Image (JPG)
32847_1020705388_0010-00457.jpg,https://s3.amazonaws.com/NARAprodstorage/lz/partnerships/32847/0001/DD01562/32847_1020705388_0010/32847_1020705388_0010-00457.jpg,2669147,119896988,"Ship Name: Mazeppa, 1837 Sep 23. Image provided by Ancestry.",Image (JPG)
32847_1020705388_0010-00458.jpg,https://s3.amazonaws.com/NARAprodstorage/lz/partnerships/32847/0001/DD01562/32847_1020705388_0010/32847_1020705388_0010-00458.jpg,1149139,119896989,Image provided by Ancestry.,Image (JPG)
32847_1020705388_0010-00459.jpg,https://s3.amazonaws.com/NARAprodstorage/lz/partnerships/32847/0001/DD01562/32847_1020705388_0010/32847_1020705388_0010-00459.jpg,2314900,119896990,"Ship Name: Washington Irving, 1837. Image provided by Ancestry.",Image (JPG)
32847_1020705388_0010-00460.jpg,https://s3.amazonaws.com/NARAprodstorage/lz/partnerships/32847/0001/DD01562/32847_1020705388_0010/32847_1020705388_0010-00460.jpg,2480824,119896991,Image provided by Ancestry.,Image (JPG)
32847_1020705388_0010-00461.jpg,https://s3.amazonaws.com/NARAprodstorage/lz/partnerships/32847/0001/DD01562/32847_1020705388_0010/32847_1020705388_0010-00461.jpg,2416826,119896992,Image provided by Ancestry.,Image (JPG)
32847_1020705388_0010-00462.jpg,https://s3.amazonaws.com/NARAprodstorage/lz/partnerships/32847/0001/DD01562/32847_1020705388_0010/32847_1020705388_0010-00462.jpg,2443587,119896993,"Ship Name: Mobile, 1837 Oct 4. Image provided by Ancestry.",Image (JPG)
32847_1020705388_0010-00463.jpg,https://s3.amazonaws.com/NARAprodstorage/lz/partnerships/32847/0001/DD01562/32847_1020705388_0010/32847_1020705388_0010-00463.jpg,2400614,119896994,Image provided by Ancestry.,Image (JPG)
32847_1020705388_0010-00464.jpg,https://s3.amazonaws.com/NARAprodstorage/lz/partnerships/32847/0001/DD01562/32847_1020705388_0010/32847_1020705388_0010-00464.jpg,2189873,119896995,"Ship Name: South Alabama, 1837 Oct 5. Image provided by Ancestry.",Image (JPG)
32847_1020705388_0010-00465.jpg,https://s3.amazonaws.com/NARAprodstorage/lz/partnerships/32847/0001/DD01562/32847_1020705388_0010/32847_1020705388_0010-00465.jpg,2520527,119896996,Image provided by Ancestry.,Image (JPG)
32847_1020705388_0010-00466.jpg,https://s3.amazonaws.com/NARAprodstorage/lz/partnerships/32847/0001/DD01562/32847_1020705388_0010/32847_1020705388_0010-00466.jpg,2454082,119896997,"Ship Name: Champion, 1837 Oct 5. Image provided by Ancestry.",Image (JPG)
32847_1020705388_0010-00467.jpg,https://s3.amazonaws.com/NARAprodstorage/lz/partnerships/32847/0001/DD01562/32847_1020705388_0010/32847_1020705388_0010-00467.jpg,2286429,119896998,Image provided by Ancestry.,Image (JPG)
32847_1020705388_0010-00468.jpg,https://s3.amazonaws.com/NARAprodstorage/lz/partnerships/32847/0001/DD01562/32847_1020705388_0010/32847_1020705388_0010-00468.jpg,1748843,119896999,"Ship Name: Alert, 1837 Oct 9. Image provided by Ancestry.",Image (JPG)
32847_1020705388_0010-00469.jpg,https://s3.amazonaws.com/NARAprodstorage/lz/partnerships/32847/0001/DD01562/32847_1020705388_0010/32847_1020705388_0010-00469.jpg,2038560,119897000,Image provided by Ancestry.,Image (JPG)
32847_1020705388_0010-00470.jpg,https://s3.amazonaws.com/NARAprodstorage/lz/partnerships/32847/0001/DD01562/32847_1020705388_0010/32847_1020705388_0010-00470.jpg,2348995,119897001,"Ship Name: Mazeppa, 1837 Oct 11. Image provided by Ancestry.",Image (JPG)
32847_1020705388_0010-00471.jpg,https://s3.amazonaws.com/NARAprodstorage/lz/partnerships/32847/0001/DD01562/32847_1020705388_0010/32847_1020705388_0010-00471.jpg,2774204,119897002,Image provided by Ancestry.,Image (JPG)
32847_1020705388_0010-00472.jpg,https://s3.amazonaws.com/NARAprodstorage/lz/partnerships/32847/0001/DD01562/32847_1020705388_0010/32847_1020705388_0010-00472.jpg,2290486,119897003,"Ship Name: South Alabama, 1837 Oct 13. Image provided by Ancestry.",Image (JPG)
32847_1020705388_0010-00473.jpg,https://s3.amazonaws.com/NARAprodstorage/lz/partnerships/32847/0001/DD01562/32847_1020705388_0010/32847_1020705388_0010-00473.jpg,1865522,119897004,Image provided by Ancestry.,Image (JPG)
32847_1020705388_0010-00474.jpg,https://s3.amazonaws.com/NARAprodstorage/lz/partnerships/32847/0001/DD01562/32847_1020705388_0010/32847_1020705388_0010-00474.jpg,2056988,119897005,"Ship Name: South Alabama, 1837 Oct 16. Image provided by Ancestry.",Image (JPG)
32847_1020705388_0010-00475.jpg,https://s3.amazonaws.com/NARAprodstorage/lz/partnerships/32847/0001/DD01562/32847_1020705388_0010/32847_1020705388_0010-00475.jpg,2391939,119897006,Image provided by Ancestry.,Image (JPG)
32847_1020705388_0010-00476.jpg,https://s3.amazonaws.com/NARAprodstorage/lz/partnerships/32847/0001/DD01562/32847_1020705388_0010/32847_1020705388_0010-00476.jpg,2144763,119897007,"Ship Name: Champion, 1837 Oct 18. Image provided by Ancestry.",Image (JPG)
32847_1020705388_0010-00477.jpg,https://s3.amazonaws.com/NARAprodstorage/lz/partnerships/32847/0001/DD01562/32847_1020705388_0010/32847_1020705388_0010-00477.jpg,2497283,119897008,Image provided by Ancestry.,Image (JPG)
32847_1020705388_0010-00478.jpg,https://s3.amazonaws.com/NARAprodstorage/lz/partnerships/32847/0001/DD01562/32847_1020705388_0010/32847_1020705388_0010-00478.jpg,2139220,119897009,"Ship Name: Swan, 1837 Oct 19. Image provided by Ancestry.",Image (JPG)
32847_1020705388_0010-00479.jpg,https://s3.amazonaws.com/NARAprodstorage/lz/partnerships/32847/0001/DD01562/32847_1020705388_0010/32847_1020705388_0010-00479.jpg,2441094,119897010,Image provided by Ancestry.,Image (JPG)
32847_1020705388_0010-00480.jpg,https://s3.amazonaws.com/NARAprodstorage/lz/partnerships/32847/0001/DD01562/32847_1020705388_0010/32847_1020705388_0010-00480.jpg,2120439,119897011,"Ship Name: Champion, 1837 Oct 21. Image provided by Ancestry.",Image (JPG)
32847_1020705388_0010-00481.jpg,https://s3.amazonaws.com/NARAprodstorage/lz/partnerships/32847/0001/DD01562/32847_1020705388_0010/32847_1020705388_0010-00481.jpg,2586371,119897012,Image provided by Ancestry.,Image (JPG)
32847_1020705388_0010-00482.jpg,https://s3.amazonaws.com/NARAprodstorage/lz/partnerships/32847/0001/DD01562/32847_1020705388_0010/32847_1020705388_0010-00482.jpg,2273170,119897013,"Ship Name: Pontchartrain, 1837 Oct 22. Image provided by Ancestry.",Image (JPG)
32847_1020705388_0010-00483.jpg,https://s3.amazonaws.com/NARAprodstorage/lz/partnerships/32847/0001/DD01562/32847_1020705388_0010/32847_1020705388_0010-00483.jpg,2353998,119897014,Image provided by Ancestry.,Image (JPG)
32847_1020705388_0010-00484.jpg,https://s3.amazonaws.com/NARAprodstorage/lz/partnerships/32847/0001/DD01562/32847_1020705388_0010/32847_1020705388_0010-00484.jpg,2209430,119897015,"Ship Name: Alert, 1837 Oct 24. Image provided by Ancestry.",Image (JPG)
32847_1020705388_0010-00485.jpg,https://s3.amazonaws.com/NARAprodstorage/lz/partnerships/32847/0001/DD01562/32847_1020705388_0010/32847_1020705388_0010-00485.jpg,2208963,119897016,Image provided by Ancestry.,Image (JPG)
32847_1020705388_0010-00486.jpg,https://s3.amazonaws.com/NARAprodstorage/lz/partnerships/32847/0001/DD01562/32847_1020705388_0010/32847_1020705388_0010-00486.jpg,2059826,119897017,"Ship Name: Champion, 1837 Oct 24. Image provided by Ancestry.",Image (JPG)
32847_1020705388_0010-00487.jpg,https://s3.amazonaws.com/NARAprodstorage/lz/partnerships/32847/0001/DD01562/32847_1020705388_0010/32847_1020705388_0010-00487.jpg,2335773,119897018,Image provided by Ancestry.,Image (JPG)
32847_1020705388_0010-00488.jpg,https://s3.amazonaws.com/NARAprodstorage/lz/partnerships/32847/0001/DD01562/32847_1020705388_0010/32847_1020705388_0010-00488.jpg,2159647,119897019,"Ship Name: Champion, 1837 Oct 28. Image provided by Ancestry.",Image (JPG)
32847_1020705388_0010-00489.jpg,https://s3.amazonaws.com/NARAprodstorage/lz/partnerships/32847/0001/DD01562/32847_1020705388_0010/32847_1020705388_0010-00489.jpg,1440617,119897020,Image provided by Ancestry.,Image (JPG)
32847_1020705388_0010-00490.jpg,https://s3.amazonaws.com/NARAprodstorage/lz/partnerships/32847/0001/DD01562/32847_1020705388_0010/32847_1020705388_0010-00490.jpg,2776752,119897021,Image provided by Ancestry.,Image (JPG)
32847_1020705388_0010-00491.jpg,https://s3.amazonaws.com/NARAprodstorage/lz/partnerships/32847/0001/DD01562/32847_1020705388_0010/32847_1020705388_0010-00491.jpg,2596664,119897022,"Ship Name: Swan, 1837 Nov 1. Image provided by Ancestry.",Image (JPG)
32847_1020705388_0010-00492.jpg,https://s3.amazonaws.com/NARAprodstorage/lz/partnerships/32847/0001/DD01562/32847_1020705388_0010/32847_1020705388_0010-00492.jpg,3055469,119897023,Image provided by Ancestry.,Image (JPG)
32847_1020705388_0010-00493.jpg,https://s3.amazonaws.com/NARAprodstorage/lz/partnerships/32847/0001/DD01562/32847_1020705388_0010/32847_1020705388_0010-00493.jpg,2532425,119897024,"Ship Name: Swan, 1837 Nov 1. Image provided by Ancestry.",Image (JPG)
32847_1020705388_0010-00494.jpg,https://s3.amazonaws.com/NARAprodstorage/lz/partnerships/32847/0001/DD01562/32847_1020705388_0010/32847_1020705388_0010-00494.jpg,3348179,119897025,Image provided by Ancestry.,Image (JPG)
32847_1020705388_0010-00495.jpg,https://s3.amazonaws.com/NARAprodstorage/lz/partnerships/32847/0001/DD01562/32847_1020705388_0010/32847_1020705388_0010-00495.jpg,2916378,119897026,"Ship Name: Mazeppa, 1837 Nov 2. Image provided by Ancestry.",Image (JPG)
32847_1020705388_0010-00496.jpg,https://s3.amazonaws.com/NARAprodstorage/lz/partnerships/32847/0001/DD01562/32847_1020705388_0010/32847_1020705388_0010-00496.jpg,2574212,119897027,Image provided by Ancestry.,Image (JPG)
32847_1020705388_0010-00497.jpg,https://s3.amazonaws.com/NARAprodstorage/lz/partnerships/32847/0001/DD01562/32847_1020705388_0010/32847_1020705388_0010-00497.jpg,2420901,119897028,"Ship Name: Ouachita, 1837 Nov 4. Image provided by Ancestry.",Image (JPG)
32847_1020705388_0010-00498.jpg,https://s3.amazonaws.com/NARAprodstorage/lz/partnerships/32847/0001/DD01562/32847_1020705388_0010/32847_1020705388_0010-00498.jpg,2759951,119897029,Image provided by Ancestry.,Image (JPG)
32847_1020705388_0010-00499.jpg,https://s3.amazonaws.com/NARAprodstorage/lz/partnerships/32847/0001/DD01562/32847_1020705388_0010/32847_1020705388_0010-00499.jpg,2611666,119897030,"Ship Name: Mazeppa, 1837 Nov 5. Image provided by Ancestry.",Image (JPG)
32847_1020705388_0010-00500.jpg,https://s3.amazonaws.com/NARAprodstorage/lz/partnerships/32847/0001/DD01562/32847_1020705388_0010/32847_1020705388_0010-00500.jpg,2732461,119897031,Image provided by Ancestry.,Image (JPG)
32847_1020705388_0010-00501.jpg,https://s3.amazonaws.com/NARAprodstorage/lz/partnerships/32847/0001/DD01562/32847_1020705388_0010/32847_1020705388_0010-00501.jpg,2696948,119897032,"Ship Name: Mazeppa, 1837 Nov 5. Image provided by Ancestry.",Image (JPG)
32847_1020705388_0010-00502.jpg,https://s3.amazonaws.com/NARAprodstorage/lz/partnerships/32847/0001/DD01562/32847_1020705388_0010/32847_1020705388_0010-00502.jpg,2679626,119897033,Image provided by Ancestry.,Image (JPG)
32847_1020705388_0010-00503.jpg,https://s3.amazonaws.com/NARAprodstorage/lz/partnerships/32847/0001/DD01562/32847_1020705388_0010/32847_1020705388_0010-00503.jpg,2263891,119897034,"Ship Name: Mazeppa, 1837 Nov 6. Image provided by Ancestry.",Image (JPG)
32847_1020705388_0010-00504.jpg,https://s3.amazonaws.com/NARAprodstorage/lz/partnerships/32847/0001/DD01562/32847_1020705388_0010/32847_1020705388_0010-00504.jpg,2625896,119897035,Image provided by Ancestry.,Image (JPG)
32847_1020705388_0010-00505.jpg,https://s3.amazonaws.com/NARAprodstorage/lz/partnerships/32847/0001/DD01562/32847_1020705388_0010/32847_1020705388_0010-00505.jpg,2264527,119897036,"Ship Name: Mazeppa, 1837 Nov 6. Image provided by Ancestry.",Image (JPG)
32847_1020705388_0010-00506.jpg,https://s3.amazonaws.com/NARAprodstorage/lz/partnerships/32847/0001/DD01562/32847_1020705388_0010/32847_1020705388_0010-00506.jpg,2580033,119897037,Image provided by Ancestry.,Image (JPG)
32847_1020705388_0010-00507.jpg,https://s3.amazonaws.com/NARAprodstorage/lz/partnerships/32847/0001/DD01562/32847_1020705388_0010/32847_1020705388_0010-00507.jpg,2264979,119897038,1837. Image provided by Ancestry.,Image (JPG)
32847_1020705388_0010-00508.jpg,https://s3.amazonaws.com/NARAprodstorage/lz/partnerships/32847/0001/DD01562/32847_1020705388_0010/32847_1020705388_0010-00508.jpg,2656846,119897039,Image provided by Ancestry.,Image (JPG)
32847_1020705388_0010-00509.jpg,https://s3.amazonaws.com/NARAprodstorage/lz/partnerships/32847/0001/DD01562/32847_1020705388_0010/32847_1020705388_0010-00509.jpg,2566504,119897040,"Ship Name: Swan, 1837 Nov 7. Image provided by Ancestry.",Image (JPG)
32847_1020705388_0010-00510.jpg,https://s3.amazonaws.com/NARAprodstorage/lz/partnerships/32847/0001/DD01562/32847_1020705388_0010/32847_1020705388_0010-00510.jpg,2932258,119897041,Image provided by Ancestry.,Image (JPG)
32847_1020705388_0010-00511.jpg,https://s3.amazonaws.com/NARAprodstorage/lz/partnerships/32847/0001/DD01562/32847_1020705388_0010/32847_1020705388_0010-00511.jpg,2816782,119897042,"Ship Name: Mazeppa, 1837 Nov 9. Image provided by Ancestry.",Image (JPG)
32847_1020705388_0010-00512.jpg,https://s3.amazonaws.com/NARAprodstorage/lz/partnerships/32847/0001/DD01562/32847_1020705388_0010/32847_1020705388_0010-00512.jpg,2785155,119897043,Image provided by Ancestry.,Image (JPG)
32847_1020705388_0010-00513.jpg,https://s3.amazonaws.com/NARAprodstorage/lz/partnerships/32847/0001/DD01562/32847_1020705388_0010/32847_1020705388_0010-00513.jpg,2591644,119897044,"Ship Name: Alert, 1837 Nov 10. Image provided by Ancestry.",Image (JPG)
32847_1020705388_0010-00514.jpg,https://s3.amazonaws.com/NARAprodstorage/lz/partnerships/32847/0001/DD01562/32847_1020705388_0010/32847_1020705388_0010-00514.jpg,2783316,119897045,Image provided by Ancestry.,Image (JPG)
32847_1020705388_0010-00515.jpg,https://s3.amazonaws.com/NARAprodstorage/lz/partnerships/32847/0001/DD01562/32847_1020705388_0010/32847_1020705388_0010-00515.jpg,2422714,119897046,"Ship Name: Alert, 1837 Nov 10. Image provided by Ancestry.",Image (JPG)
32847_1020705388_0010-00516.jpg,https://s3.amazonaws.com/NARAprodstorage/lz/partnerships/32847/0001/DD01562/32847_1020705388_0010/32847_1020705388_0010-00516.jpg,1185554,119897047,Image provided by Ancestry.,Image (JPG)
32847_1020705388_0010-00517.jpg,https://s3.amazonaws.com/NARAprodstorage/lz/partnerships/32847/0001/DD01562/32847_1020705388_0010/32847_1020705388_0010-00517.jpg,2488029,119897048,Image provided by Ancestry.,Image (JPG)
32847_1020705388_0010-00518.jpg,https://s3.amazonaws.com/NARAprodstorage/lz/partnerships/32847/0001/DD01562/32847_1020705388_0010/32847_1020705388_0010-00518.jpg,2182633,119897049,"Ship Name: Swan, 1837 Nov 11. Image provided by Ancestry.",Image (JPG)
32847_1020705388_0010-00519.jpg,https://s3.amazonaws.com/NARAprodstorage/lz/partnerships/32847/0001/DD01562/32847_1020705388_0010/32847_1020705388_0010-00519.jpg,2545199,119897050,Image provided by Ancestry.,Image (JPG)
32847_1020705388_0010-00520.jpg,https://s3.amazonaws.com/NARAprodstorage/lz/partnerships/32847/0001/DD01562/32847_1020705388_0010/32847_1020705388_0010-00520.jpg,2341699,119897051,"Ship Name: Swan, 1837 Nov 11. Image provided by Ancestry.",Image (JPG)
32847_1020705388_0010-00521.jpg,https://s3.amazonaws.com/NARAprodstorage/lz/partnerships/32847/0001/DD01562/32847_1020705388_0010/32847_1020705388_0010-00521.jpg,3235661,119897052,Image provided by Ancestry.,Image (JPG)
32847_1020705388_0010-00522.jpg,https://s3.amazonaws.com/NARAprodstorage/lz/partnerships/32847/0001/DD01562/32847_1020705388_0010/32847_1020705388_0010-00522.jpg,3101913,119897053,"Ship Name: So Alabama, 1837 Nov 11. Image provided by Ancestry.",Image (JPG)
32847_1020705388_0010-00523.jpg,https://s3.amazonaws.com/NARAprodstorage/lz/partnerships/32847/0001/DD01562/32847_1020705388_0010/32847_1020705388_0010-00523.jpg,2732664,119897054,Image provided by Ancestry.,Image (JPG)
32847_1020705388_0010-00524.jpg,https://s3.amazonaws.com/NARAprodstorage/lz/partnerships/32847/0001/DD01562/32847_1020705388_0010/32847_1020705388_0010-00524.jpg,2517394,119897055,"Ship Name: Champion, 1837 Nov 11. Image provided by Ancestry.",Image (JPG)
32847_1020705388_0010-00525.jpg,https://s3.amazonaws.com/NARAprodstorage/lz/partnerships/32847/0001/DD01562/32847_1020705388_0010/32847_1020705388_0010-00525.jpg,2729722,119897056,Image provided by Ancestry.,Image (JPG)
32847_1020705388_0010-00526.jpg,https://s3.amazonaws.com/NARAprodstorage/lz/partnerships/32847/0001/DD01562/32847_1020705388_0010/32847_1020705388_0010-00526.jpg,2295630,119897057,"Ship Name: Seward, 1837. Image provided by Ancestry.",Image (JPG)
32847_1020705388_0010-00527.jpg,https://s3.amazonaws.com/NARAprodstorage/lz/partnerships/32847/0001/DD01562/32847_1020705388_0010/32847_1020705388_0010-00527.jpg,2974304,119897058,Image provided by Ancestry.,Image (JPG)
32847_1020705388_0010-00528.jpg,https://s3.amazonaws.com/NARAprodstorage/lz/partnerships/32847/0001/DD01562/32847_1020705388_0010/32847_1020705388_0010-00528.jpg,2427485,119897059,"Ship Name: South Alabama, 1837. Image provided by Ancestry.",Image (JPG)
32847_1020705388_0010-00529.jpg,https://s3.amazonaws.com/NARAprodstorage/lz/partnerships/32847/0001/DD01562/32847_1020705388_0010/32847_1020705388_0010-00529.jpg,2677772,119897060,Image provided by Ancestry.,Image (JPG)
32847_1020705388_0010-00530.jpg,https://s3.amazonaws.com/NARAprodstorage/lz/partnerships/32847/0001/DD01562/32847_1020705388_0010/32847_1020705388_0010-00530.jpg,2499080,119897061,"Ship Name: Ploughboy, 1837 Nov 15. Image provided by Ancestry.",Image (JPG)
32847_1020705388_0010-00531.jpg,https://s3.amazonaws.com/NARAprodstorage/lz/partnerships/32847/0001/DD01562/32847_1020705388_0010/32847_1020705388_0010-00531.jpg,2883790,119897062,Image provided by Ancestry.,Image (JPG)
32847_1020705388_0010-00532.jpg,https://s3.amazonaws.com/NARAprodstorage/lz/partnerships/32847/0001/DD01562/32847_1020705388_0010/32847_1020705388_0010-00532.jpg,2455058,119897063,"Ship Name: Steamer, 1837 Nov 18. Image provided by Ancestry.",Image (JPG)
32847_1020705388_0010-00533.jpg,https://s3.amazonaws.com/NARAprodstorage/lz/partnerships/32847/0001/DD01562/32847_1020705388_0010/32847_1020705388_0010-00533.jpg,2826968,119897064,Image provided by Ancestry.,Image (JPG)
32847_1020705388_0010-00534.jpg,https://s3.amazonaws.com/NARAprodstorage/lz/partnerships/32847/0001/DD01562/32847_1020705388_0010/32847_1020705388_0010-00534.jpg,2461022,119897065,"Ship Name: Swan, 1837 Nov 18. Image provided by Ancestry.",Image (JPG)
32847_1020705388_0010-00535.jpg,https://s3.amazonaws.com/NARAprodstorage/lz/partnerships/32847/0001/DD01562/32847_1020705388_0010/32847_1020705388_0010-00535.jpg,2886572,119897066,Image provided by Ancestry.,Image (JPG)
32847_1020705388_0010-00536.jpg,https://s3.amazonaws.com/NARAprodstorage/lz/partnerships/32847/0001/DD01562/32847_1020705388_0010/32847_1020705388_0010-00536.jpg,1964654,119897067,"Ship Name: Steamer, 1837 Nov 18. Image provided by Ancestry.",Image (JPG)
32847_1020705388_0010-00537.jpg,https://s3.amazonaws.com/NARAprodstorage/lz/partnerships/32847/0001/DD01562/32847_1020705388_0010/32847_1020705388_0010-00537.jpg,2744850,119897068,Image provided by Ancestry.,Image (JPG)
32847_1020705388_0010-00538.jpg,https://s3.amazonaws.com/NARAprodstorage/lz/partnerships/32847/0001/DD01562/32847_1020705388_0010/32847_1020705388_0010-00538.jpg,2404704,119897069,"Ship Name: Swan, 1837 Nov 20. Image provided by Ancestry.",Image (JPG)
32847_1020705388_0010-00539.jpg,https://s3.amazonaws.com/NARAprodstorage/lz/partnerships/32847/0001/DD01562/32847_1020705388_0010/32847_1020705388_0010-00539.jpg,2685701,119897070,Image provided by Ancestry.,Image (JPG)
32847_1020705388_0010-00540.jpg,https://s3.amazonaws.com/NARAprodstorage/lz/partnerships/32847/0001/DD01562/32847_1020705388_0010/32847_1020705388_0010-00540.jpg,2275519,119897071,"Ship Name: Swan, 1837 Nov 20. Image provided by Ancestry.",Image (JPG)
32847_1020705388_0010-00541.jpg,https://s3.amazonaws.com/NARAprodstorage/lz/partnerships/32847/0001/DD01562/32847_1020705388_0010/32847_1020705388_0010-00541.jpg,2771042,119897072,Image provided by Ancestry.,Image (JPG)
32847_1020705388_0010-00542.jpg,https://s3.amazonaws.com/NARAprodstorage/lz/partnerships/32847/0001/DD01562/32847_1020705388_0010/32847_1020705388_0010-00542.jpg,2355798,119897073,"Ship Name: Swan, 1837 Nov 20. Image provided by Ancestry.",Image (JPG)
32847_1020705388_0010-00543.jpg,https://s3.amazonaws.com/NARAprodstorage/lz/partnerships/32847/0001/DD01562/32847_1020705388_0010/32847_1020705388_0010-00543.jpg,2835098,119897074,Image provided by Ancestry.,Image (JPG)
32847_1020705388_0010-00544.jpg,https://s3.amazonaws.com/NARAprodstorage/lz/partnerships/32847/0001/DD01562/32847_1020705388_0010/32847_1020705388_0010-00544.jpg,2364784,119897075,"Ship Name: Swan, 1837 Nov 20. Image provided by Ancestry.",Image (JPG)
32847_1020705388_0010-00545.jpg,https://s3.amazonaws.com/NARAprodstorage/lz/partnerships/32847/0001/DD01562/32847_1020705388_0010/32847_1020705388_0010-00545.jpg,2633569,119897076,Image provided by Ancestry.,Image (JPG)
32847_1020705388_0010-00546.jpg,https://s3.amazonaws.com/NARAprodstorage/lz/partnerships/32847/0001/DD01562/32847_1020705388_0010/32847_1020705388_0010-00546.jpg,2363935,119897077,"Ship Name: Alert, 1837 Nov 20. Image provided by Ancestry.",Image (JPG)
32847_1020705388_0010-00547.jpg,https://s3.amazonaws.com/NARAprodstorage/lz/partnerships/32847/0001/DD01562/32847_1020705388_0010/32847_1020705388_0010-00547.jpg,1455776,119897078,Image provided by Ancestry.,Image (JPG)
32847_1020705388_0010-00548.jpg,https://s3.amazonaws.com/NARAprodstorage/lz/partnerships/32847/0001/DD01562/32847_1020705388_0010/32847_1020705388_0010-00548.jpg,2490803,119897079,Image provided by Ancestry.,Image (JPG)
32847_1020705388_0010-00549.jpg,https://s3.amazonaws.com/NARAprodstorage/lz/partnerships/32847/0001/DD01562/32847_1020705388_0010/32847_1020705388_0010-00549.jpg,2393233,119897080,"Ship Name: Pionier, 1837 Nov 22. Image provided by Ancestry.",Image (JPG)
32847_1020705388_0010-00550.jpg,https://s3.amazonaws.com/NARAprodstorage/lz/partnerships/32847/0001/DD01562/32847_1020705388_0010/32847_1020705388_0010-00550.jpg,2700586,119897081,Image provided by Ancestry.,Image (JPG)
32847_1020705388_0010-00551.jpg,https://s3.amazonaws.com/NARAprodstorage/lz/partnerships/32847/0001/DD01562/32847_1020705388_0010/32847_1020705388_0010-00551.jpg,2584201,119897082,"Ship Name: Pionier, 1837 Nov 22. Image provided by Ancestry.",Image (JPG)
32847_1020705388_0010-00552.jpg,https://s3.amazonaws.com/NARAprodstorage/lz/partnerships/32847/0001/DD01562/32847_1020705388_0010/32847_1020705388_0010-00552.jpg,2655627,119897083,Image provided by Ancestry.,Image (JPG)
32847_1020705388_0010-00553.jpg,https://s3.amazonaws.com/NARAprodstorage/lz/partnerships/32847/0001/DD01562/32847_1020705388_0010/32847_1020705388_0010-00553.jpg,2363918,119897084,"Ship Name: Pionier, 1837 Nov 22. Image provided by Ancestry.",Image (JPG)
32847_1020705388_0010-00554.jpg,https://s3.amazonaws.com/NARAprodstorage/lz/partnerships/32847/0001/DD01562/32847_1020705388_0010/32847_1020705388_0010-00554.jpg,3604223,119897085,"Ship Name: Plough Boy, 1837. Image provided by Ancestry.",Image (JPG)
32847_1020705388_0010-00555.jpg,https://s3.amazonaws.com/NARAprodstorage/lz/partnerships/32847/0001/DD01562/32847_1020705388_0010/32847_1020705388_0010-00555.jpg,3462079,119897086,Image provided by Ancestry.,Image (JPG)
32847_1020705388_0010-00556.jpg,https://s3.amazonaws.com/NARAprodstorage/lz/partnerships/32847/0001/DD01562/32847_1020705388_0010/32847_1020705388_0010-00556.jpg,2054362,119897087,"Ship Name: Ploughboy, 1837. Image provided by Ancestry.",Image (JPG)
32847_1020705388_0010-00557.jpg,https://s3.amazonaws.com/NARAprodstorage/lz/partnerships/32847/0001/DD01562/32847_1020705388_0010/32847_1020705388_0010-00557.jpg,2270358,119897088,Image provided by Ancestry.,Image (JPG)
32847_1020705388_0010-00558.jpg,https://s3.amazonaws.com/NARAprodstorage/lz/partnerships/32847/0001/DD01562/32847_1020705388_0010/32847_1020705388_0010-00558.jpg,2445667,119897089,Image provided by Ancestry.,Image (JPG)
32847_1020705388_0010-00559.jpg,https://s3.amazonaws.com/NARAprodstorage/lz/partnerships/32847/0001/DD01562/32847_1020705388_0010/32847_1020705388_0010-00559.jpg,2147961,119897090,"Ship Name: So Alabama, 1837 Nov 25. Image provided by Ancestry.",Image (JPG)
32847_1020705388_0010-00560.jpg,https://s3.amazonaws.com/NARAprodstorage/lz/partnerships/32847/0001/DD01562/32847_1020705388_0010/32847_1020705388_0010-00560.jpg,2341477,119897091,Image provided by Ancestry.,Image (JPG)
32847_1020705388_0010-00561.jpg,https://s3.amazonaws.com/NARAprodstorage/lz/partnerships/32847/0001/DD01562/32847_1020705388_0010/32847_1020705388_0010-00561.jpg,2117092,119897092,"Ship Name: So Alabama, 1837. Image provided by Ancestry.",Image (JPG)
32847_1020705388_0010-00562.jpg,https://s3.amazonaws.com/NARAprodstorage/lz/partnerships/32847/0001/DD01562/32847_1020705388_0010/32847_1020705388_0010-00562.jpg,2347524,119897093,Image provided by Ancestry.,Image (JPG)
32847_1020705388_0010-00563.jpg,https://s3.amazonaws.com/NARAprodstorage/lz/partnerships/32847/0001/DD01562/32847_1020705388_0010/32847_1020705388_0010-00563.jpg,1857999,119897094,"Ship Name: Swan, 1837 Nov 26. Image provided by Ancestry.",Image (JPG)
32847_1020705388_0010-00564.jpg,https://s3.amazonaws.com/NARAprodstorage/lz/partnerships/32847/0001/DD01562/32847_1020705388_0010/32847_1020705388_0010-00564.jpg,2447177,119897095,Image provided by Ancestry.,Image (JPG)
32847_1020705388_0010-00565.jpg,https://s3.amazonaws.com/NARAprodstorage/lz/partnerships/32847/0001/DD01562/32847_1020705388_0010/32847_1020705388_0010-00565.jpg,2230247,119897096,"Ship Name: Swan, 1837 Nov 26. Image provided by Ancestry.",Image (JPG)
32847_1020705388_0010-00566.jpg,https://s3.amazonaws.com/NARAprodstorage/lz/partnerships/32847/0001/DD01562/32847_1020705388_0010/32847_1020705388_0010-00566.jpg,2202486,119897097,Image provided by Ancestry.,Image (JPG)
32847_1020705388_0010-00567.jpg,https://s3.amazonaws.com/NARAprodstorage/lz/partnerships/32847/0001/DD01562/32847_1020705388_0010/32847_1020705388_0010-00567.jpg,2179190,119897098,"Ship Name: Favorite, 1837. Image provided by Ancestry.",Image (JPG)
32847_1020705388_0010-00568.jpg,https://s3.amazonaws.com/NARAprodstorage/lz/partnerships/32847/0001/DD01562/32847_1020705388_0010/32847_1020705388_0010-00568.jpg,2565484,119897099,Image provided by Ancestry.,Image (JPG)
32847_1020705388_0010-00569.jpg,https://s3.amazonaws.com/NARAprodstorage/lz/partnerships/32847/0001/DD01562/32847_1020705388_0010/32847_1020705388_0010-00569.jpg,2373508,119897100,"Ship Name: Mills, 1837. Image provided by Ancestry.",Image (JPG)
32847_1020705388_0010-00570.jpg,https://s3.amazonaws.com/NARAprodstorage/lz/partnerships/32847/0001/DD01562/32847_1020705388_0010/32847_1020705388_0010-00570.jpg,2284453,119897101,Image provided by Ancestry.,Image (JPG)
32847_1020705388_0010-00571.jpg,https://s3.amazonaws.com/NARAprodstorage/lz/partnerships/32847/0001/DD01562/32847_1020705388_0010/32847_1020705388_0010-00571.jpg,2154620,119897102,"Ship Name: Champion, 1837 Nov 27. Image provided by Ancestry.",Image (JPG)
32847_1020705388_0010-00572.jpg,https://s3.amazonaws.com/NARAprodstorage/lz/partnerships/32847/0001/DD01562/32847_1020705388_0010/32847_1020705388_0010-00572.jpg,2577962,119897103,Image provided by Ancestry.,Image (JPG)
32847_1020705388_0010-00573.jpg,https://s3.amazonaws.com/NARAprodstorage/lz/partnerships/32847/0001/DD01562/32847_1020705388_0010/32847_1020705388_0010-00573.jpg,2233216,119897104,"Ship Name: Champion, 1837 Nov 27. Image provided by Ancestry.",Image (JPG)
